Método usado: ANTCOLONY OPTIMIZATION

POSIÇÃO	ÁREA(mm²)	CUSTO

1	1.000000000000000e+00	24260
2	1.000000000000000e+00	24100
3	1.000000000000000e+00	24040
4	1.000000000000000e+00	26440
5	1.000000000000000e+00	23480
6	1.000000000000000e+00	24320
7	1.000000000000000e+00	24100
8	1.000000000000000e+00	24080
9	1.000000000000000e+00	27720
10	1.000000000000000e+00	24220
11	1.000000000000000e+00	25180
12	1.000000000000000e+00	23460
13	1.000000000000000e+00	24540
14	1.000000000000000e+00	23400
15	1.000000000000000e+00	24440
16	1.000000000000000e+00	24320
17	1.000000000000000e+00	24400
18	1.000000000000000e+00	24260
19	1.000000000000000e+00	24060
20	1.000000000000000e+00	24340
21	1.000000000000000e+00	24360
22	1.000000000000000e+00	23700
23	1.000000000000000e+00	23600
24	1.000000000000000e+00	22680
25	1.000000000000000e+00	25520
26	1.000000000000000e+00	25020
27	1.000000000000000e+00	23880
28	1.000000000000000e+00	25280
29	1.000000000000000e+00	24640
30	1.000000000000000e+00	23920
31	1.000000000000000e+00	23680
32	1.000000000000000e+00	26040
33	1.000000000000000e+00	25120
34	1.000000000000000e+00	24360
35	1.000000000000000e+00	22960
36	1.000000000000000e+00	23620
37	1.000000000000000e+00	24700
38	1.000000000000000e+00	23680
39	1.000000000000000e+00	24960
40	1.000000000000000e+00	23700
41	1.000000000000000e+00	24920
42	1.000000000000000e+00	24060
43	1.000000000000000e+00	24720
44	1.000000000000000e+00	22880
45	1.000000000000000e+00	23820
46	1.000000000000000e+00	23800
47	1.000000000000000e+00	24200
48	1.000000000000000e+00	23660
49	1.000000000000000e+00	24620
50	1.000000000000000e+00	25380
51	1.000000000000000e+00	24940
52	1.000000000000000e+00	25200
53	1.000000000000000e+00	24360
54	1.000000000000000e+00	24500
55	1.000000000000000e+00	24640
56	1.000000000000000e+00	22300
57	1.000000000000000e+00	23500
58	1.000000000000000e+00	22700
59	1.000000000000000e+00	24320
60	1.000000000000000e+00	25080
61	1.000000000000000e+00	24280
62	1.000000000000000e+00	25400
63	1.000000000000000e+00	24680
64	1.000000000000000e+00	23080
65	1.000000000000000e+00	24520
66	1.000000000000000e+00	23360
67	1.000000000000000e+00	23820
68	1.000000000000000e+00	23920
69	1.000000000000000e+00	23980
70	1.000000000000000e+00	24980
71	1.000000000000000e+00	24200
72	1.000000000000000e+00	25080
73	1.000000000000000e+00	23840
74	1.000000000000000e+00	23640
75	1.000000000000000e+00	26260
76	1.000000000000000e+00	24580
77	1.000000000000000e+00	23040
78	1.000000000000000e+00	24440
79	1.000000000000000e+00	24500
80	1.000000000000000e+00	24220
81	1.000000000000000e+00	23960
82	1.000000000000000e+00	24260
83	1.000000000000000e+00	25420
84	1.000000000000000e+00	25700
85	1.000000000000000e+00	24360
86	1.000000000000000e+00	24800
87	1.000000000000000e+00	25640
88	1.000000000000000e+00	25580
89	1.000000000000000e+00	24620
90	1.000000000000000e+00	24160
91	1.000000000000000e+00	25800
92	1.000000000000000e+00	25020
93	1.000000000000000e+00	24940
94	1.000000000000000e+00	23260
95	1.000000000000000e+00	23880
96	1.000000000000000e+00	23040
97	1.000000000000000e+00	25200
98	1.000000000000000e+00	23240
99	1.000000000000000e+00	24800
100	1.000000000000000e+00	24340
101	1.000000000000000e+00	23900
102	1.000000000000000e+00	24320
103	1.000000000000000e+00	24680
104	1.000000000000000e+00	24020
105	1.000000000000000e+00	24100
106	1.000000000000000e+00	24700
107	1.000000000000000e+00	25100
108	1.000000000000000e+00	24540
109	1.000000000000000e+00	24860
110	1.000000000000000e+00	24220
111	1.000000000000000e+00	23520
112	1.000000000000000e+00	23880
113	1.000000000000000e+00	24620
114	1.000000000000000e+00	24420
115	1.000000000000000e+00	24800
116	1.000000000000000e+00	23100
117	1.000000000000000e+00	24000
118	1.000000000000000e+00	24580
119	1.000000000000000e+00	24380
120	1.000000000000000e+00	24380
121	1.000000000000000e+00	23800
122	1.000000000000000e+00	26280
123	1.000000000000000e+00	25500
124	1.000000000000000e+00	24420
125	1.000000000000000e+00	25020
126	1.000000000000000e+00	25660
127	1.000000000000000e+00	23660
128	1.000000000000000e+00	24420
129	1.000000000000000e+00	24600
130	1.000000000000000e+00	23620
131	1.000000000000000e+00	25680
132	1.000000000000000e+00	24360
133	1.000000000000000e+00	24960
134	1.000000000000000e+00	23320
135	1.000000000000000e+00	23720
136	1.000000000000000e+00	23280
137	1.000000000000000e+00	23860
138	1.000000000000000e+00	23040
139	1.000000000000000e+00	24120
140	1.000000000000000e+00	23600
141	1.000000000000000e+00	23760
142	1.000000000000000e+00	24180
143	1.000000000000000e+00	25320
144	1.000000000000000e+00	26060
145	1.000000000000000e+00	25340
146	1.000000000000000e+00	23440
147	1.000000000000000e+00	24160
148	1.000000000000000e+00	22980
149	1.000000000000000e+00	25460
150	1.000000000000000e+00	23120
151	1.000000000000000e+00	25160
152	1.000000000000000e+00	24940
153	1.000000000000000e+00	25500
154	1.000000000000000e+00	24420
155	1.000000000000000e+00	23740
156	1.000000000000000e+00	24040
157	1.000000000000000e+00	24680
158	1.000000000000000e+00	25220
159	1.000000000000000e+00	24140
160	1.000000000000000e+00	23860
161	1.000000000000000e+00	24800
162	1.000000000000000e+00	24680
163	1.000000000000000e+00	25040
164	1.000000000000000e+00	25300
165	1.000000000000000e+00	24140
166	1.000000000000000e+00	23140
167	1.000000000000000e+00	24820
168	1.000000000000000e+00	25400
169	1.000000000000000e+00	25000
170	1.000000000000000e+00	23900
171	1.000000000000000e+00	24740
172	1.000000000000000e+00	24800
173	1.000000000000000e+00	24920
174	1.000000000000000e+00	23540
175	1.000000000000000e+00	25660
176	1.000000000000000e+00	24420
177	1.000000000000000e+00	24200
178	1.000000000000000e+00	24580
179	1.000000000000000e+00	24600
180	1.000000000000000e+00	24140
181	1.000000000000000e+00	23160
182	1.000000000000000e+00	23820
183	1.000000000000000e+00	24380
184	1.000000000000000e+00	22880
185	1.000000000000000e+00	23980
186	1.000000000000000e+00	25520
187	1.000000000000000e+00	25040
188	1.000000000000000e+00	24640
189	1.000000000000000e+00	25420
190	1.000000000000000e+00	23660
191	1.000000000000000e+00	23320
192	1.000000000000000e+00	24680
193	1.000000000000000e+00	24440
194	1.000000000000000e+00	23920
195	1.000000000000000e+00	25300
196	1.000000000000000e+00	24300
197	1.000000000000000e+00	24580
198	1.000000000000000e+00	23420
199	1.000000000000000e+00	25320
200	1.000000000000000e+00	25780
201	1.000000000000000e+00	24780
202	1.000000000000000e+00	24360
203	1.000000000000000e+00	23960
204	1.000000000000000e+00	24920
205	1.000000000000000e+00	22800
206	1.000000000000000e+00	23800
207	1.000000000000000e+00	25060
208	1.000000000000000e+00	25060
209	1.000000000000000e+00	24700
210	1.000000000000000e+00	25520
211	1.000000000000000e+00	26020
212	1.000000000000000e+00	24900
213	1.000000000000000e+00	23620
214	1.000000000000000e+00	25760
215	1.000000000000000e+00	23560
216	1.000000000000000e+00	24600
217	1.000000000000000e+00	24100
218	1.000000000000000e+00	24800
219	1.000000000000000e+00	24640
220	1.000000000000000e+00	26040
221	1.000000000000000e+00	25820
222	1.000000000000000e+00	23820
223	1.000000000000000e+00	24360
224	1.000000000000000e+00	24080
225	1.000000000000000e+00	25020
226	1.000000000000000e+00	24460
227	1.000000000000000e+00	23840
228	1.000000000000000e+00	25260
229	1.000000000000000e+00	24120
230	1.000000000000000e+00	24800
231	1.000000000000000e+00	24980
232	1.000000000000000e+00	27440
233	1.000000000000000e+00	24860
234	1.000000000000000e+00	24280
235	1.000000000000000e+00	23600
236	1.000000000000000e+00	24880
237	1.000000000000000e+00	23560
238	1.000000000000000e+00	25920
239	1.000000000000000e+00	24740
240	1.000000000000000e+00	24200
241	1.000000000000000e+00	23080
242	1.000000000000000e+00	24160
243	1.000000000000000e+00	25580
244	1.000000000000000e+00	23700
245	1.000000000000000e+00	24460
246	1.000000000000000e+00	25560
247	1.000000000000000e+00	24160
248	1.000000000000000e+00	24340
249	1.000000000000000e+00	23740
250	1.000000000000000e+00	23920
251	1.000000000000000e+00	25700
252	1.000000000000000e+00	24740
253	1.000000000000000e+00	23140
254	1.000000000000000e+00	24040
255	1.000000000000000e+00	23920
256	1.000000000000000e+00	24300
257	1.000000000000000e+00	23200
258	1.000000000000000e+00	25760
259	1.000000000000000e+00	25680
260	1.000000000000000e+00	24100
261	1.000000000000000e+00	23480
262	1.000000000000000e+00	23040
263	1.000000000000000e+00	25040
264	1.000000000000000e+00	22840
265	1.000000000000000e+00	24680
266	1.000000000000000e+00	25060
267	1.000000000000000e+00	23500
268	1.000000000000000e+00	24440
269	1.000000000000000e+00	24000
270	1.000000000000000e+00	24480
271	1.000000000000000e+00	23960
272	1.000000000000000e+00	24480
273	1.000000000000000e+00	23620
274	1.000000000000000e+00	24860
275	1.000000000000000e+00	23440
276	1.000000000000000e+00	26020
277	1.000000000000000e+00	23540
278	1.000000000000000e+00	24860
279	1.000000000000000e+00	23220
280	1.000000000000000e+00	24500
281	1.000000000000000e+00	23960
282	1.000000000000000e+00	24940
283	1.000000000000000e+00	23940
284	1.000000000000000e+00	23800
285	1.000000000000000e+00	24900
286	1.000000000000000e+00	24940
287	1.000000000000000e+00	25220
288	1.000000000000000e+00	25080
289	1.000000000000000e+00	25760
290	1.000000000000000e+00	26180
291	1.000000000000000e+00	22800
292	1.000000000000000e+00	25140
293	1.000000000000000e+00	24980
294	1.000000000000000e+00	24100
295	1.000000000000000e+00	24600
296	1.000000000000000e+00	23360
297	1.000000000000000e+00	24060
298	1.000000000000000e+00	23460
299	1.000000000000000e+00	24340
300	1.000000000000000e+00	25160
301	1.000000000000000e+00	24740
302	1.000000000000000e+00	23420
303	1.000000000000000e+00	24940
304	1.000000000000000e+00	23900
305	1.000000000000000e+00	24200
306	1.000000000000000e+00	24600
307	1.000000000000000e+00	23240
308	1.000000000000000e+00	24120
309	1.000000000000000e+00	23880
310	1.000000000000000e+00	24060
311	1.000000000000000e+00	25040
312	1.000000000000000e+00	23900
313	1.000000000000000e+00	24940
314	1.000000000000000e+00	25760
315	1.000000000000000e+00	24560
316	1.000000000000000e+00	22740
317	1.000000000000000e+00	23660
318	1.000000000000000e+00	24580
319	1.000000000000000e+00	23760
320	1.000000000000000e+00	25440
321	1.000000000000000e+00	25500
322	1.000000000000000e+00	24620
323	1.000000000000000e+00	24380
324	1.000000000000000e+00	25400
325	1.000000000000000e+00	24260
326	1.000000000000000e+00	24060
327	1.000000000000000e+00	26400
328	1.000000000000000e+00	23340
329	1.000000000000000e+00	22960
330	1.000000000000000e+00	26080
331	1.000000000000000e+00	22660
332	1.000000000000000e+00	23220
333	1.000000000000000e+00	25760
334	1.000000000000000e+00	23920
335	1.000000000000000e+00	22680
336	1.000000000000000e+00	24380
337	1.000000000000000e+00	24060
338	1.000000000000000e+00	24380
339	1.000000000000000e+00	24320
340	1.000000000000000e+00	23780
341	1.000000000000000e+00	25020
342	1.000000000000000e+00	23580
343	1.000000000000000e+00	25240
344	1.000000000000000e+00	24900
345	1.000000000000000e+00	23640
346	1.000000000000000e+00	24100
347	1.000000000000000e+00	24660
348	1.000000000000000e+00	25180
349	1.000000000000000e+00	24560
350	1.000000000000000e+00	24640
351	1.000000000000000e+00	24980
352	1.000000000000000e+00	26720
353	1.000000000000000e+00	23720
354	1.000000000000000e+00	24380
355	1.000000000000000e+00	25080
356	1.000000000000000e+00	22720
357	1.000000000000000e+00	24180
358	1.000000000000000e+00	23940
359	1.000000000000000e+00	25060
360	1.000000000000000e+00	23660
361	1.000000000000000e+00	23960
362	1.000000000000000e+00	25000
363	1.000000000000000e+00	24740
364	1.000000000000000e+00	25000
365	1.000000000000000e+00	23780
366	1.000000000000000e+00	25060
367	1.000000000000000e+00	23820
368	1.000000000000000e+00	24500
369	1.000000000000000e+00	24360
370	1.000000000000000e+00	24620
371	1.000000000000000e+00	24540
372	1.000000000000000e+00	24100
373	1.000000000000000e+00	24160
374	1.000000000000000e+00	24620
375	1.000000000000000e+00	25160
376	1.000000000000000e+00	23980
377	1.000000000000000e+00	26040
378	1.000000000000000e+00	25300
379	1.000000000000000e+00	23500
380	1.000000000000000e+00	25080
381	1.000000000000000e+00	24140
382	1.000000000000000e+00	25740
383	1.000000000000000e+00	24400
384	1.000000000000000e+00	24780
385	1.000000000000000e+00	25200
386	1.000000000000000e+00	25320
387	1.000000000000000e+00	23320
388	1.000000000000000e+00	25260
389	1.000000000000000e+00	25100
390	1.000000000000000e+00	23840
391	1.000000000000000e+00	23820
392	1.000000000000000e+00	24300
393	1.000000000000000e+00	25300
394	1.000000000000000e+00	24580
395	1.000000000000000e+00	24060
396	1.000000000000000e+00	24740
397	1.000000000000000e+00	23240
398	1.000000000000000e+00	24720
399	1.000000000000000e+00	23600
400	1.000000000000000e+00	25400
401	1.000000000000000e+00	23580
402	1.000000000000000e+00	24500
403	1.000000000000000e+00	24520
404	1.000000000000000e+00	24800
405	1.000000000000000e+00	24820
406	1.000000000000000e+00	23840
407	1.000000000000000e+00	24560
408	1.000000000000000e+00	24440
409	1.000000000000000e+00	24660
410	1.000000000000000e+00	25040
411	1.000000000000000e+00	24100
412	1.000000000000000e+00	23920
413	1.000000000000000e+00	24860
414	1.000000000000000e+00	22620
415	1.000000000000000e+00	24760
416	1.000000000000000e+00	23800
417	1.000000000000000e+00	22760
418	1.000000000000000e+00	23460
419	1.000000000000000e+00	23840
420	1.000000000000000e+00	24760
421	1.000000000000000e+00	22760
422	1.000000000000000e+00	25220
423	1.000000000000000e+00	24260
424	1.000000000000000e+00	25900
425	1.000000000000000e+00	24400
426	1.000000000000000e+00	24340
427	1.000000000000000e+00	24040
428	1.000000000000000e+00	25280
429	1.000000000000000e+00	25420
430	1.000000000000000e+00	26200
431	1.000000000000000e+00	25680
432	1.000000000000000e+00	25640
433	1.000000000000000e+00	23760
434	1.000000000000000e+00	24440
435	1.000000000000000e+00	24800
436	1.000000000000000e+00	24700
437	1.000000000000000e+00	25300
438	1.000000000000000e+00	24520
439	1.000000000000000e+00	26460
440	1.000000000000000e+00	24960
441	1.000000000000000e+00	25780
442	1.000000000000000e+00	24360
443	1.000000000000000e+00	24220
444	1.000000000000000e+00	23200
445	1.000000000000000e+00	23760
446	1.000000000000000e+00	24140
447	1.000000000000000e+00	23660
448	1.000000000000000e+00	24140
449	1.000000000000000e+00	23640
450	1.000000000000000e+00	25060
451	1.000000000000000e+00	24700
452	1.000000000000000e+00	24800
453	1.000000000000000e+00	25500
454	1.000000000000000e+00	25120
455	1.000000000000000e+00	24260
456	1.000000000000000e+00	24660
457	1.000000000000000e+00	23420
458	1.000000000000000e+00	23680
459	1.000000000000000e+00	24120
460	1.000000000000000e+00	23580
461	1.000000000000000e+00	24700
462	1.000000000000000e+00	24780
463	1.000000000000000e+00	24600
464	1.000000000000000e+00	24080
465	1.000000000000000e+00	23460
466	1.000000000000000e+00	23700
467	1.000000000000000e+00	25020
468	1.000000000000000e+00	24160
469	1.000000000000000e+00	24220
470	1.000000000000000e+00	24500
471	1.000000000000000e+00	23540
472	1.000000000000000e+00	23880
473	1.000000000000000e+00	25440
474	1.000000000000000e+00	23520
475	1.000000000000000e+00	24640
476	1.000000000000000e+00	22580
477	1.000000000000000e+00	25460
478	1.000000000000000e+00	25960
479	1.000000000000000e+00	24460
480	1.000000000000000e+00	23700
481	1.000000000000000e+00	24360
482	1.000000000000000e+00	25260
483	1.000000000000000e+00	24780
484	1.000000000000000e+00	23280
485	1.000000000000000e+00	25040
486	1.000000000000000e+00	23640
487	1.000000000000000e+00	25380
488	1.000000000000000e+00	24380
489	1.000000000000000e+00	26120
490	1.000000000000000e+00	25540
491	9.500000000000001e-01	54260
492	9.000000000000000e-01	55140
493	8.500000000000001e-01	202200
494	8.000000000000000e-01	202200
495	7.500000000000000e-01	54520
496	7.000000000000001e-01	53780
497	6.500000000000000e-01	55520
498	6.000000000000001e-01	54680
499	5.500000000000000e-01	54800
500	5.000000000000000e-01	54120
501	5.500000000000000e-01	54540
502	6.000000000000001e-01	54520
503	6.500000000000000e-01	55520
504	7.000000000000001e-01	54480
505	7.500000000000000e-01	54580
506	8.000000000000000e-01	54540
507	8.500000000000001e-01	56760
508	9.000000000000000e-01	53500
509	9.500000000000001e-01	55660
510	9.000000000000000e-01	55340
511	8.500000000000001e-01	54340
512	8.000000000000000e-01	54240
513	7.500000000000000e-01	54000
514	8.000000000000000e-01	55140
515	8.500000000000001e-01	55200
516	9.000000000000000e-01	55180
517	9.500000000000001e-01	54440
518	1.000000000000000e+00	54600
519	1.000000000000000e+00	55800
520	1.000000000000000e+00	53940
521	1.000000000000000e+00	54680
522	1.000000000000000e+00	55700
523	1.000000000000000e+00	54540
524	1.000000000000000e+00	55100
525	1.000000000000000e+00	54820
526	1.000000000000000e+00	55880
527	1.000000000000000e+00	56180
528	1.000000000000000e+00	54260
529	1.000000000000000e+00	28360
530	1.000000000000000e+00	54740
531	1.000000000000000e+00	53460
532	1.000000000000000e+00	28300
533	1.000000000000000e+00	29660
534	1.000000000000000e+00	26780
535	1.000000000000000e+00	54040
536	1.000000000000000e+00	29480
537	1.000000000000000e+00	57200
538	1.000000000000000e+00	54960
539	1.000000000000000e+00	56540
540	1.000000000000000e+00	56040
541	1.000000000000000e+00	56000
542	1.000000000000000e+00	31060
543	1.000000000000000e+00	56080
544	1.000000000000000e+00	30600
545	1.000000000000000e+00	30460
546	1.000000000000000e+00	28600
547	1.000000000000000e+00	29060
548	1.000000000000000e+00	28560
549	1.000000000000000e+00	30060
550	1.000000000000000e+00	27760
551	1.000000000000000e+00	26500
552	1.000000000000000e+00	28720
553	1.000000000000000e+00	29140
554	1.000000000000000e+00	28860
555	1.000000000000000e+00	29760
556	1.000000000000000e+00	28320
557	1.000000000000000e+00	30280
558	1.000000000000000e+00	29020
559	1.000000000000000e+00	28700
560	1.000000000000000e+00	31260
561	1.000000000000000e+00	28620
562	1.000000000000000e+00	29420
563	1.000000000000000e+00	28400
564	1.000000000000000e+00	29480
565	1.000000000000000e+00	28980
566	1.000000000000000e+00	27360
567	1.000000000000000e+00	29260
568	1.000000000000000e+00	28280
569	1.000000000000000e+00	28960
570	1.000000000000000e+00	28560
571	1.000000000000000e+00	28280
572	1.000000000000000e+00	29700
573	1.000000000000000e+00	28780
574	1.000000000000000e+00	29620
575	1.000000000000000e+00	29240
576	1.000000000000000e+00	30480
577	1.000000000000000e+00	28600
578	1.000000000000000e+00	29280
579	1.000000000000000e+00	29260
580	1.000000000000000e+00	29620
581	1.000000000000000e+00	30160
582	1.000000000000000e+00	28720
583	1.000000000000000e+00	29380
584	1.000000000000000e+00	27820
585	1.000000000000000e+00	29900
586	1.000000000000000e+00	30260
587	1.000000000000000e+00	29640
588	1.000000000000000e+00	30700
589	1.000000000000000e+00	29700
590	1.000000000000000e+00	30040
591	1.000000000000000e+00	30440
592	1.000000000000000e+00	29380
593	1.000000000000000e+00	29580
594	1.000000000000000e+00	30680
595	1.000000000000000e+00	28520
596	1.000000000000000e+00	30120
597	1.000000000000000e+00	29720
598	1.000000000000000e+00	30080
599	1.000000000000000e+00	28400
600	1.000000000000000e+00	29280
601	1.000000000000000e+00	30460
602	1.000000000000000e+00	27660
603	1.000000000000000e+00	30640
604	1.000000000000000e+00	29300
605	1.000000000000000e+00	27720
606	1.000000000000000e+00	28820
607	1.000000000000000e+00	30020
608	1.000000000000000e+00	29560
609	1.000000000000000e+00	28900
610	1.000000000000000e+00	28260
611	1.000000000000000e+00	29380
612	1.000000000000000e+00	30060
613	1.000000000000000e+00	30220
614	1.000000000000000e+00	29060
615	1.000000000000000e+00	28540
616	1.000000000000000e+00	28900
617	1.000000000000000e+00	28540
618	1.000000000000000e+00	28460
619	1.000000000000000e+00	29600
620	1.000000000000000e+00	27900
621	1.000000000000000e+00	28340
622	1.000000000000000e+00	30780
623	1.000000000000000e+00	28620
624	1.000000000000000e+00	29400
625	1.000000000000000e+00	28160
626	1.000000000000000e+00	29260
627	1.000000000000000e+00	28500
628	1.000000000000000e+00	28360
629	1.000000000000000e+00	28540
630	1.000000000000000e+00	28700
631	1.000000000000000e+00	29500
632	1.000000000000000e+00	29540
633	1.000000000000000e+00	30620
634	1.000000000000000e+00	28180
635	1.000000000000000e+00	30200
636	1.000000000000000e+00	30640
637	1.000000000000000e+00	29960
638	1.000000000000000e+00	27640
639	1.000000000000000e+00	28800
640	1.000000000000000e+00	28440
641	1.000000000000000e+00	27720
642	1.000000000000000e+00	29900
643	1.000000000000000e+00	30240
644	1.000000000000000e+00	29360
645	1.000000000000000e+00	29240
646	1.000000000000000e+00	29920
647	1.000000000000000e+00	28080
648	1.000000000000000e+00	28880
649	1.000000000000000e+00	28460
650	1.000000000000000e+00	30260
651	1.000000000000000e+00	28640
652	1.000000000000000e+00	29160
653	1.000000000000000e+00	28620
654	1.000000000000000e+00	28420
655	1.000000000000000e+00	27500
656	1.000000000000000e+00	27200
657	1.000000000000000e+00	28140
658	1.000000000000000e+00	28500
659	1.000000000000000e+00	29040
660	1.000000000000000e+00	29220
661	1.000000000000000e+00	29300
662	1.000000000000000e+00	29140
663	1.000000000000000e+00	28900
664	1.000000000000000e+00	29040
665	1.000000000000000e+00	29320
666	1.000000000000000e+00	29880
667	1.000000000000000e+00	30540
668	1.000000000000000e+00	29080
669	1.000000000000000e+00	30300
670	1.000000000000000e+00	28820
671	1.000000000000000e+00	30640
672	1.000000000000000e+00	29440
673	1.000000000000000e+00	29000
674	1.000000000000000e+00	28640
675	1.000000000000000e+00	30360
676	1.000000000000000e+00	30040
677	1.000000000000000e+00	30180
678	1.000000000000000e+00	29560
679	1.000000000000000e+00	28820
680	1.000000000000000e+00	29020
681	1.000000000000000e+00	31920
682	1.000000000000000e+00	28700
683	1.000000000000000e+00	29020
684	1.000000000000000e+00	29260
685	1.000000000000000e+00	28240
686	1.000000000000000e+00	28440
687	1.000000000000000e+00	28720
688	1.000000000000000e+00	30560
689	1.000000000000000e+00	30580
690	1.000000000000000e+00	29820
691	1.000000000000000e+00	29700
692	1.000000000000000e+00	29880
693	1.000000000000000e+00	27860
694	1.000000000000000e+00	28180
695	1.000000000000000e+00	30160
696	1.000000000000000e+00	29940
697	1.000000000000000e+00	29900
698	1.000000000000000e+00	30500
699	1.000000000000000e+00	30860
700	1.000000000000000e+00	30360
701	1.000000000000000e+00	27900
702	1.000000000000000e+00	29140
703	1.000000000000000e+00	29060
704	1.000000000000000e+00	30300
705	1.000000000000000e+00	29160
706	1.000000000000000e+00	28380
707	1.000000000000000e+00	29420
708	1.000000000000000e+00	28380
709	1.000000000000000e+00	27240
710	1.000000000000000e+00	29880
711	1.000000000000000e+00	29700
712	1.000000000000000e+00	29060
713	1.000000000000000e+00	28920
714	1.000000000000000e+00	30180
715	1.000000000000000e+00	29700
716	1.000000000000000e+00	31460
717	1.000000000000000e+00	31200
718	1.000000000000000e+00	29420
719	1.000000000000000e+00	30020
720	1.000000000000000e+00	29180
721	1.000000000000000e+00	29920
722	1.000000000000000e+00	29400
723	1.000000000000000e+00	30980
724	1.000000000000000e+00	29260
725	1.000000000000000e+00	31240
726	1.000000000000000e+00	30540
727	1.000000000000000e+00	31080
728	1.000000000000000e+00	29120
729	1.000000000000000e+00	29500
730	1.000000000000000e+00	31420
731	1.000000000000000e+00	29100
732	1.000000000000000e+00	31320
733	1.000000000000000e+00	31480
734	1.000000000000000e+00	31880
735	1.000000000000000e+00	30020
736	1.000000000000000e+00	31360
737	1.000000000000000e+00	30560
738	1.000000000000000e+00	30120
739	1.000000000000000e+00	31580
740	1.000000000000000e+00	31200
741	1.000000000000000e+00	30540
742	1.000000000000000e+00	30720
743	1.000000000000000e+00	30380
744	1.000000000000000e+00	30220
745	1.000000000000000e+00	29820
746	1.000000000000000e+00	29100
747	1.000000000000000e+00	29520
748	1.000000000000000e+00	30820
749	1.000000000000000e+00	28980
750	1.000000000000000e+00	31540
751	1.000000000000000e+00	29320
752	1.000000000000000e+00	30460
753	1.000000000000000e+00	29020
754	1.000000000000000e+00	30980
755	1.000000000000000e+00	30720
756	1.000000000000000e+00	30760
757	1.000000000000000e+00	31140
758	1.000000000000000e+00	31080
759	1.000000000000000e+00	30840
760	1.000000000000000e+00	30900
761	1.000000000000000e+00	32040
762	1.000000000000000e+00	30740
763	1.000000000000000e+00	32320
764	1.000000000000000e+00	31100
765	1.000000000000000e+00	31060
766	1.000000000000000e+00	30780
767	1.000000000000000e+00	31980
768	1.000000000000000e+00	29900
769	1.000000000000000e+00	30000
770	1.000000000000000e+00	29720
771	1.000000000000000e+00	30400
772	1.000000000000000e+00	30640
773	1.000000000000000e+00	30720
774	1.000000000000000e+00	32180
775	1.000000000000000e+00	31980
776	1.000000000000000e+00	31480
777	1.000000000000000e+00	31640
778	1.000000000000000e+00	31360
779	1.000000000000000e+00	32240
780	1.000000000000000e+00	33020
781	1.000000000000000e+00	30680
782	1.000000000000000e+00	33160
783	1.000000000000000e+00	31860
784	1.000000000000000e+00	31920
785	1.000000000000000e+00	31000
786	1.000000000000000e+00	31500
787	1.000000000000000e+00	31140
788	1.000000000000000e+00	31140
789	1.000000000000000e+00	31660
790	1.000000000000000e+00	30660
791	1.000000000000000e+00	29700
792	1.000000000000000e+00	29520
793	1.000000000000000e+00	30340
794	1.000000000000000e+00	31780
795	1.000000000000000e+00	31280
796	1.000000000000000e+00	30460
797	1.000000000000000e+00	31740
798	1.000000000000000e+00	30660
799	1.000000000000000e+00	30740
800	1.000000000000000e+00	32380
801	1.000000000000000e+00	29520
802	1.000000000000000e+00	31440
803	1.000000000000000e+00	30080
804	1.000000000000000e+00	30220
805	1.000000000000000e+00	30880
806	1.000000000000000e+00	31880
807	1.000000000000000e+00	30540
808	1.000000000000000e+00	30720
809	1.000000000000000e+00	30420
810	1.000000000000000e+00	32120
811	1.000000000000000e+00	31780
812	1.000000000000000e+00	31480
813	1.000000000000000e+00	31880
814	1.000000000000000e+00	30300
815	1.000000000000000e+00	31960
816	1.000000000000000e+00	29760
817	1.000000000000000e+00	29860
818	1.000000000000000e+00	28760
819	1.000000000000000e+00	29320
820	1.000000000000000e+00	31140
821	1.000000000000000e+00	32760
822	1.000000000000000e+00	30000
823	1.000000000000000e+00	30880
824	1.000000000000000e+00	29500
825	1.000000000000000e+00	30380
826	1.000000000000000e+00	29740
827	1.000000000000000e+00	31620
828	1.000000000000000e+00	30520
829	1.000000000000000e+00	31660
830	1.000000000000000e+00	31400
831	1.000000000000000e+00	32000
832	1.000000000000000e+00	29580
833	1.000000000000000e+00	31040
834	1.000000000000000e+00	31020
835	1.000000000000000e+00	32260
836	1.000000000000000e+00	29240
837	1.000000000000000e+00	30860
838	1.000000000000000e+00	30260
839	1.000000000000000e+00	31000
840	1.000000000000000e+00	28740
841	1.000000000000000e+00	29480
842	1.000000000000000e+00	29100
843	1.000000000000000e+00	28200
844	1.000000000000000e+00	30720
845	1.000000000000000e+00	30300
846	1.000000000000000e+00	29680
847	1.000000000000000e+00	30380
848	1.000000000000000e+00	29440
849	1.000000000000000e+00	28060
850	1.000000000000000e+00	26680
851	1.000000000000000e+00	28540
852	1.000000000000000e+00	28160
853	1.000000000000000e+00	28580
854	1.000000000000000e+00	29380
855	1.000000000000000e+00	27840
856	1.000000000000000e+00	30020
857	1.000000000000000e+00	29980
858	1.000000000000000e+00	30520
859	1.000000000000000e+00	29960
860	1.000000000000000e+00	30480
861	1.000000000000000e+00	28780
862	1.000000000000000e+00	29020
863	1.000000000000000e+00	28400
864	1.000000000000000e+00	29320
865	1.000000000000000e+00	29280
866	1.000000000000000e+00	29040
867	1.000000000000000e+00	30020
868	1.000000000000000e+00	29540
869	1.000000000000000e+00	28240
870	1.000000000000000e+00	28780
871	1.000000000000000e+00	29500
872	1.000000000000000e+00	28860
873	1.000000000000000e+00	29480
874	1.000000000000000e+00	29320
875	1.000000000000000e+00	29680
876	1.000000000000000e+00	30000
877	1.000000000000000e+00	28660
878	1.000000000000000e+00	29280
879	1.000000000000000e+00	27780
880	1.000000000000000e+00	27340
881	1.000000000000000e+00	30120
882	1.000000000000000e+00	28980
883	1.000000000000000e+00	29360
884	1.000000000000000e+00	29980
885	1.000000000000000e+00	29880
886	1.000000000000000e+00	30240
887	1.000000000000000e+00	28780
888	1.000000000000000e+00	29600
889	1.000000000000000e+00	30700
890	1.000000000000000e+00	30420
891	1.000000000000000e+00	30160
892	1.000000000000000e+00	30960
893	1.000000000000000e+00	29120
894	1.000000000000000e+00	30500
895	1.000000000000000e+00	29900
896	1.000000000000000e+00	28520
897	1.000000000000000e+00	29320
898	1.000000000000000e+00	29800
899	1.000000000000000e+00	30540
900	1.000000000000000e+00	29980
901	1.000000000000000e+00	30460
902	1.000000000000000e+00	29160
903	1.000000000000000e+00	30480
904	1.000000000000000e+00	31960
905	1.000000000000000e+00	30940
906	1.000000000000000e+00	29600
907	1.000000000000000e+00	29520
908	1.000000000000000e+00	30120
909	1.000000000000000e+00	30540
910	1.000000000000000e+00	30920
911	1.000000000000000e+00	31940
912	1.000000000000000e+00	30680
913	1.000000000000000e+00	30120
914	1.000000000000000e+00	31960
915	1.000000000000000e+00	29100
916	1.000000000000000e+00	31160
917	1.000000000000000e+00	31140
918	1.000000000000000e+00	30400
919	1.000000000000000e+00	30220
920	1.000000000000000e+00	29860
921	1.000000000000000e+00	29940
922	1.000000000000000e+00	31360
923	1.000000000000000e+00	30260
924	1.000000000000000e+00	30220
925	1.000000000000000e+00	29860
926	1.000000000000000e+00	29900
927	1.000000000000000e+00	28180
928	1.000000000000000e+00	31120
929	1.000000000000000e+00	30620
930	1.000000000000000e+00	28940
931	1.000000000000000e+00	29740
932	1.000000000000000e+00	30600
933	1.000000000000000e+00	28760
934	1.000000000000000e+00	29120
935	1.000000000000000e+00	30080
936	1.000000000000000e+00	29540
937	1.000000000000000e+00	29360
938	1.000000000000000e+00	27780
939	1.000000000000000e+00	29420
940	1.000000000000000e+00	30540
941	1.000000000000000e+00	29820
942	1.000000000000000e+00	29880
943	1.000000000000000e+00	28240
944	1.000000000000000e+00	29700
945	1.000000000000000e+00	29360
946	1.000000000000000e+00	30420
947	1.000000000000000e+00	29320
948	1.000000000000000e+00	30660
949	1.000000000000000e+00	30780
950	1.000000000000000e+00	31660
951	1.000000000000000e+00	30640
952	1.000000000000000e+00	30940
953	1.000000000000000e+00	31360
954	1.000000000000000e+00	30800
955	1.000000000000000e+00	30260
956	1.000000000000000e+00	30800
957	1.000000000000000e+00	31380
958	1.000000000000000e+00	29500
959	1.000000000000000e+00	29700
960	1.000000000000000e+00	30620
961	1.000000000000000e+00	29780
962	1.000000000000000e+00	30720
963	1.000000000000000e+00	31220
964	1.000000000000000e+00	30980
965	1.000000000000000e+00	29140
966	1.000000000000000e+00	29680
967	1.000000000000000e+00	30560
968	1.000000000000000e+00	28900
969	1.000000000000000e+00	29480
970	1.000000000000000e+00	28480
971	1.000000000000000e+00	30540
972	1.000000000000000e+00	29360
973	1.000000000000000e+00	29460
974	1.000000000000000e+00	30660
975	1.000000000000000e+00	31060
976	1.000000000000000e+00	29500
977	1.000000000000000e+00	29360
978	1.000000000000000e+00	30740
979	1.000000000000000e+00	27480
980	1.000000000000000e+00	30140
981	1.000000000000000e+00	29860
982	1.000000000000000e+00	29040
983	1.000000000000000e+00	30960
984	1.000000000000000e+00	28760
985	1.000000000000000e+00	31120
986	1.000000000000000e+00	28420
987	1.000000000000000e+00	29620
988	1.000000000000000e+00	29180
989	1.000000000000000e+00	29420
990	1.000000000000000e+00	28200
991	1.000000000000000e+00	30240
992	1.000000000000000e+00	30060
993	1.000000000000000e+00	29340
994	1.000000000000000e+00	29260
995	1.000000000000000e+00	29620
996	1.000000000000000e+00	29520
997	1.000000000000000e+00	30880
998	1.000000000000000e+00	31320
999	1.000000000000000e+00	30500
1000	1.000000000000000e+00	30680


Tempo gasto: 18.168766
