Método usado: ANTCOLONY OPTIMIZATION

POSIÇÃO	ÁREA(mm²)	CUSTO

1	1.000000000000000e+00	25940
2	1.000000000000000e+00	25800
3	1.000000000000000e+00	25960
4	1.000000000000000e+00	28140
5	1.000000000000000e+00	25140
6	1.000000000000000e+00	26040
7	1.000000000000000e+00	25880
8	1.000000000000000e+00	26040
9	1.000000000000000e+00	30020
10	1.000000000000000e+00	25820
11	1.000000000000000e+00	26760
12	1.000000000000000e+00	24940
13	1.000000000000000e+00	26360
14	1.000000000000000e+00	25000
15	1.000000000000000e+00	25780
16	1.000000000000000e+00	26040
17	1.000000000000000e+00	25960
18	1.000000000000000e+00	26080
19	1.000000000000000e+00	25660
20	1.000000000000000e+00	26520
21	1.000000000000000e+00	26060
22	1.000000000000000e+00	25800
23	1.000000000000000e+00	25560
24	1.000000000000000e+00	24620
25	1.000000000000000e+00	27380
26	1.000000000000000e+00	26940
27	1.000000000000000e+00	25520
28	1.000000000000000e+00	26920
29	1.000000000000000e+00	26180
30	1.000000000000000e+00	26100
31	1.000000000000000e+00	25220
32	1.000000000000000e+00	27980
33	1.000000000000000e+00	27060
34	1.000000000000000e+00	26160
35	1.000000000000000e+00	24480
36	1.000000000000000e+00	25420
37	1.000000000000000e+00	27020
38	1.000000000000000e+00	25260
39	1.000000000000000e+00	26940
40	1.000000000000000e+00	25220
41	1.000000000000000e+00	26340
42	1.000000000000000e+00	25400
43	1.000000000000000e+00	26340
44	1.000000000000000e+00	24500
45	1.000000000000000e+00	25640
46	1.000000000000000e+00	25720
47	1.000000000000000e+00	26040
48	1.000000000000000e+00	25560
49	1.000000000000000e+00	25860
50	1.000000000000000e+00	27160
51	1.000000000000000e+00	26700
52	1.000000000000000e+00	26880
53	1.000000000000000e+00	25960
54	1.000000000000000e+00	26500
55	1.000000000000000e+00	26120
56	1.000000000000000e+00	24160
57	1.000000000000000e+00	25120
58	1.000000000000000e+00	24460
59	1.000000000000000e+00	26260
60	1.000000000000000e+00	26620
61	1.000000000000000e+00	25880
62	1.000000000000000e+00	27340
63	1.000000000000000e+00	26700
64	1.000000000000000e+00	24900
65	1.000000000000000e+00	26240
66	1.000000000000000e+00	25460
67	1.000000000000000e+00	25980
68	1.000000000000000e+00	25340
69	1.000000000000000e+00	26000
70	1.000000000000000e+00	26480
71	1.000000000000000e+00	25820
72	1.000000000000000e+00	26940
73	1.000000000000000e+00	26000
74	1.000000000000000e+00	24920
75	1.000000000000000e+00	28080
76	1.000000000000000e+00	26060
77	1.000000000000000e+00	24760
78	1.000000000000000e+00	26580
79	1.000000000000000e+00	26060
80	1.000000000000000e+00	25720
81	1.000000000000000e+00	25640
82	1.000000000000000e+00	26000
83	1.000000000000000e+00	26940
84	1.000000000000000e+00	27320
85	1.000000000000000e+00	26160
86	1.000000000000000e+00	26780
87	1.000000000000000e+00	27300
88	1.000000000000000e+00	27360
89	1.000000000000000e+00	26100
90	1.000000000000000e+00	25920
91	1.000000000000000e+00	27560
92	1.000000000000000e+00	26660
93	1.000000000000000e+00	26500
94	1.000000000000000e+00	25460
95	1.000000000000000e+00	25540
96	1.000000000000000e+00	25260
97	1.000000000000000e+00	27080
98	1.000000000000000e+00	25380
99	1.000000000000000e+00	26420
100	1.000000000000000e+00	26300
101	1.000000000000000e+00	25720
102	1.000000000000000e+00	25940
103	1.000000000000000e+00	26440
104	1.000000000000000e+00	25720
105	1.000000000000000e+00	25780
106	1.000000000000000e+00	26300
107	1.000000000000000e+00	26860
108	1.000000000000000e+00	26120
109	1.000000000000000e+00	26440
110	1.000000000000000e+00	25980
111	1.000000000000000e+00	25420
112	1.000000000000000e+00	25320
113	1.000000000000000e+00	26240
114	1.000000000000000e+00	26180
115	1.000000000000000e+00	26480
116	1.000000000000000e+00	24860
117	1.000000000000000e+00	25680
118	1.000000000000000e+00	26560
119	1.000000000000000e+00	26180
120	1.000000000000000e+00	26020
121	1.000000000000000e+00	25380
122	1.000000000000000e+00	28020
123	1.000000000000000e+00	27180
124	1.000000000000000e+00	26060
125	1.000000000000000e+00	27020
126	1.000000000000000e+00	27880
127	1.000000000000000e+00	25460
128	1.000000000000000e+00	26060
129	1.000000000000000e+00	26560
130	1.000000000000000e+00	25400
131	1.000000000000000e+00	27500
132	1.000000000000000e+00	25920
133	1.000000000000000e+00	26520
134	1.000000000000000e+00	25180
135	1.000000000000000e+00	25560
136	1.000000000000000e+00	24860
137	1.000000000000000e+00	25700
138	1.000000000000000e+00	24800
139	1.000000000000000e+00	25680
140	1.000000000000000e+00	25260
141	1.000000000000000e+00	25500
142	1.000000000000000e+00	25740
143	1.000000000000000e+00	26900
144	1.000000000000000e+00	27760
145	1.000000000000000e+00	27400
146	1.000000000000000e+00	24940
147	1.000000000000000e+00	25820
148	1.000000000000000e+00	24840
149	1.000000000000000e+00	27300
150	1.000000000000000e+00	25000
151	1.000000000000000e+00	27040
152	1.000000000000000e+00	26680
153	1.000000000000000e+00	26980
154	1.000000000000000e+00	26180
155	1.000000000000000e+00	25560
156	1.000000000000000e+00	26140
157	1.000000000000000e+00	26800
158	1.000000000000000e+00	27060
159	1.000000000000000e+00	26580
160	1.000000000000000e+00	25700
161	1.000000000000000e+00	26520
162	1.000000000000000e+00	27260
163	1.000000000000000e+00	26460
164	1.000000000000000e+00	27000
165	1.000000000000000e+00	25640
166	1.000000000000000e+00	25060
167	1.000000000000000e+00	26720
168	1.000000000000000e+00	27020
169	1.000000000000000e+00	26960
170	1.000000000000000e+00	25700
171	1.000000000000000e+00	26360
172	1.000000000000000e+00	26360
173	1.000000000000000e+00	26920
174	1.000000000000000e+00	25440
175	1.000000000000000e+00	27540
176	1.000000000000000e+00	26140
177	1.000000000000000e+00	26500
178	1.000000000000000e+00	25940
179	1.000000000000000e+00	26180
180	1.000000000000000e+00	25960
181	1.000000000000000e+00	24660
182	1.000000000000000e+00	25320
183	1.000000000000000e+00	26020
184	1.000000000000000e+00	24800
185	1.000000000000000e+00	26440
186	1.000000000000000e+00	27200
187	1.000000000000000e+00	26640
188	1.000000000000000e+00	26200
189	1.000000000000000e+00	27000
190	1.000000000000000e+00	25200
191	1.000000000000000e+00	25140
192	1.000000000000000e+00	26560
193	1.000000000000000e+00	26220
194	1.000000000000000e+00	25700
195	1.000000000000000e+00	27200
196	1.000000000000000e+00	25780
197	1.000000000000000e+00	26220
198	1.000000000000000e+00	25040
199	1.000000000000000e+00	27320
200	1.000000000000000e+00	27360
201	1.000000000000000e+00	26440
202	1.000000000000000e+00	26240
203	1.000000000000000e+00	25760
204	1.000000000000000e+00	26600
205	1.000000000000000e+00	24500
206	1.000000000000000e+00	25400
207	1.000000000000000e+00	26820
208	1.000000000000000e+00	26720
209	1.000000000000000e+00	26420
210	1.000000000000000e+00	27000
211	1.000000000000000e+00	27960
212	1.000000000000000e+00	27000
213	1.000000000000000e+00	25380
214	1.000000000000000e+00	27480
215	1.000000000000000e+00	25720
216	1.000000000000000e+00	26220
217	1.000000000000000e+00	26120
218	1.000000000000000e+00	26380
219	1.000000000000000e+00	26000
220	1.000000000000000e+00	27940
221	1.000000000000000e+00	27360
222	1.000000000000000e+00	25540
223	1.000000000000000e+00	25940
224	1.000000000000000e+00	25760
225	1.000000000000000e+00	26220
226	1.000000000000000e+00	26140
227	1.000000000000000e+00	25300
228	1.000000000000000e+00	27420
229	1.000000000000000e+00	25480
230	1.000000000000000e+00	26600
231	1.000000000000000e+00	26380
232	1.000000000000000e+00	29740
233	1.000000000000000e+00	26560
234	1.000000000000000e+00	25920
235	1.000000000000000e+00	25100
236	1.000000000000000e+00	26340
237	1.000000000000000e+00	25200
238	1.000000000000000e+00	27660
239	1.000000000000000e+00	26520
240	1.000000000000000e+00	26140
241	1.000000000000000e+00	24680
242	1.000000000000000e+00	25820
243	1.000000000000000e+00	27180
244	1.000000000000000e+00	25460
245	1.000000000000000e+00	25900
246	1.000000000000000e+00	27680
247	1.000000000000000e+00	26080
248	1.000000000000000e+00	26360
249	1.000000000000000e+00	25620
250	1.000000000000000e+00	25420
251	1.000000000000000e+00	27120
252	1.000000000000000e+00	26340
253	1.000000000000000e+00	24820
254	1.000000000000000e+00	25800
255	1.000000000000000e+00	25460
256	1.000000000000000e+00	25880
257	1.000000000000000e+00	25180
258	1.000000000000000e+00	27700
259	1.000000000000000e+00	27180
260	1.000000000000000e+00	25960
261	1.000000000000000e+00	25140
262	1.000000000000000e+00	24840
263	1.000000000000000e+00	27140
264	1.000000000000000e+00	24620
265	1.000000000000000e+00	26200
266	1.000000000000000e+00	26900
267	1.000000000000000e+00	25280
268	1.000000000000000e+00	26420
269	1.000000000000000e+00	25840
270	1.000000000000000e+00	26060
271	1.000000000000000e+00	25640
272	1.000000000000000e+00	26240
273	1.000000000000000e+00	25160
274	1.000000000000000e+00	26440
275	1.000000000000000e+00	25440
276	1.000000000000000e+00	28220
277	1.000000000000000e+00	25220
278	1.000000000000000e+00	26480
279	1.000000000000000e+00	25060
280	1.000000000000000e+00	26560
281	1.000000000000000e+00	25840
282	1.000000000000000e+00	26900
283	1.000000000000000e+00	25860
284	1.000000000000000e+00	25320
285	1.000000000000000e+00	26640
286	1.000000000000000e+00	26560
287	1.000000000000000e+00	26800
288	1.000000000000000e+00	26740
289	1.000000000000000e+00	27380
290	1.000000000000000e+00	27720
291	1.000000000000000e+00	24340
292	1.000000000000000e+00	26980
293	1.000000000000000e+00	27020
294	1.000000000000000e+00	25720
295	1.000000000000000e+00	26100
296	1.000000000000000e+00	25200
297	1.000000000000000e+00	25720
298	1.000000000000000e+00	25040
299	1.000000000000000e+00	26320
300	1.000000000000000e+00	26620
301	1.000000000000000e+00	26160
302	1.000000000000000e+00	24840
303	1.000000000000000e+00	26680
304	1.000000000000000e+00	25720
305	1.000000000000000e+00	25840
306	1.000000000000000e+00	26240
307	1.000000000000000e+00	24820
308	1.000000000000000e+00	25840
309	1.000000000000000e+00	25740
310	1.000000000000000e+00	25780
311	1.000000000000000e+00	26960
312	1.000000000000000e+00	25420
313	1.000000000000000e+00	26620
314	1.000000000000000e+00	27420
315	1.000000000000000e+00	26260
316	1.000000000000000e+00	24460
317	1.000000000000000e+00	25480
318	1.000000000000000e+00	26420
319	1.000000000000000e+00	25460
320	1.000000000000000e+00	27420
321	1.000000000000000e+00	27660
322	1.000000000000000e+00	26140
323	1.000000000000000e+00	26500
324	1.000000000000000e+00	27540
325	1.000000000000000e+00	26240
326	1.000000000000000e+00	25780
327	1.000000000000000e+00	28420
328	1.000000000000000e+00	25160
329	1.000000000000000e+00	24840
330	1.000000000000000e+00	27900
331	1.000000000000000e+00	24280
332	1.000000000000000e+00	24760
333	1.000000000000000e+00	27340
334	1.000000000000000e+00	25860
335	1.000000000000000e+00	24360
336	1.000000000000000e+00	26280
337	1.000000000000000e+00	25820
338	1.000000000000000e+00	26060
339	1.000000000000000e+00	26040
340	1.000000000000000e+00	25400
341	1.000000000000000e+00	26640
342	1.000000000000000e+00	25320
343	1.000000000000000e+00	26680
344	1.000000000000000e+00	26440
345	1.000000000000000e+00	25580
346	1.000000000000000e+00	25680
347	1.000000000000000e+00	26680
348	1.000000000000000e+00	26620
349	1.000000000000000e+00	26060
350	1.000000000000000e+00	26280
351	1.000000000000000e+00	26840
352	1.000000000000000e+00	28560
353	1.000000000000000e+00	25940
354	1.000000000000000e+00	25940
355	1.000000000000000e+00	26740
356	1.000000000000000e+00	24360
357	1.000000000000000e+00	25760
358	1.000000000000000e+00	25620
359	1.000000000000000e+00	26880
360	1.000000000000000e+00	25160
361	1.000000000000000e+00	25520
362	1.000000000000000e+00	26880
363	1.000000000000000e+00	26660
364	1.000000000000000e+00	26620
365	1.000000000000000e+00	25840
366	1.000000000000000e+00	26760
367	1.000000000000000e+00	25340
368	1.000000000000000e+00	26080
369	1.000000000000000e+00	26000
370	1.000000000000000e+00	26180
371	1.000000000000000e+00	26420
372	1.000000000000000e+00	25880
373	1.000000000000000e+00	25700
374	1.000000000000000e+00	26800
375	1.000000000000000e+00	26900
376	1.000000000000000e+00	25800
377	1.000000000000000e+00	27800
378	1.000000000000000e+00	26800
379	1.000000000000000e+00	25100
380	1.000000000000000e+00	26880
381	1.000000000000000e+00	25940
382	1.000000000000000e+00	27580
383	1.000000000000000e+00	26080
384	1.000000000000000e+00	26240
385	1.000000000000000e+00	27060
386	1.000000000000000e+00	27080
387	1.000000000000000e+00	25060
388	1.000000000000000e+00	26920
389	1.000000000000000e+00	27560
390	1.000000000000000e+00	25520
391	1.000000000000000e+00	25320
392	1.000000000000000e+00	25840
393	1.000000000000000e+00	27360
394	1.000000000000000e+00	26040
395	1.000000000000000e+00	25480
396	1.000000000000000e+00	26380
397	1.000000000000000e+00	25440
398	1.000000000000000e+00	26300
399	1.000000000000000e+00	25440
400	1.000000000000000e+00	27120
401	1.000000000000000e+00	25420
402	1.000000000000000e+00	26020
403	1.000000000000000e+00	26540
404	1.000000000000000e+00	26420
405	1.000000000000000e+00	26540
406	1.000000000000000e+00	25340
407	1.000000000000000e+00	26360
408	1.000000000000000e+00	26220
409	1.000000000000000e+00	26440
410	1.000000000000000e+00	26700
411	1.000000000000000e+00	25900
412	1.000000000000000e+00	25600
413	1.000000000000000e+00	26540
414	1.000000000000000e+00	24460
415	1.000000000000000e+00	26540
416	1.000000000000000e+00	25600
417	1.000000000000000e+00	24680
418	1.000000000000000e+00	25100
419	1.000000000000000e+00	25500
420	1.000000000000000e+00	26620
421	1.000000000000000e+00	24460
422	1.000000000000000e+00	27000
423	1.000000000000000e+00	25740
424	1.000000000000000e+00	27700
425	1.000000000000000e+00	25980
426	1.000000000000000e+00	26140
427	1.000000000000000e+00	26020
428	1.000000000000000e+00	26960
429	1.000000000000000e+00	27300
430	1.000000000000000e+00	27960
431	1.000000000000000e+00	27280
432	1.000000000000000e+00	27420
433	1.000000000000000e+00	25340
434	1.000000000000000e+00	26120
435	1.000000000000000e+00	26480
436	1.000000000000000e+00	26420
437	1.000000000000000e+00	26740
438	1.000000000000000e+00	25920
439	1.000000000000000e+00	28440
440	1.000000000000000e+00	26600
441	1.000000000000000e+00	27580
442	1.000000000000000e+00	26580
443	1.000000000000000e+00	26200
444	1.000000000000000e+00	24700
445	1.000000000000000e+00	25800
446	1.000000000000000e+00	25820
447	1.000000000000000e+00	25360
448	1.000000000000000e+00	25640
449	1.000000000000000e+00	25280
450	1.000000000000000e+00	26680
451	1.000000000000000e+00	26320
452	1.000000000000000e+00	26720
453	1.000000000000000e+00	27320
454	1.000000000000000e+00	26900
455	1.000000000000000e+00	26160
456	1.000000000000000e+00	26360
457	1.000000000000000e+00	25220
458	1.000000000000000e+00	25500
459	1.000000000000000e+00	25880
460	1.000000000000000e+00	25000
461	1.000000000000000e+00	26700
462	1.000000000000000e+00	26260
463	1.000000000000000e+00	26260
464	1.000000000000000e+00	25800
465	1.000000000000000e+00	25720
466	1.000000000000000e+00	25440
467	1.000000000000000e+00	26720
468	1.000000000000000e+00	26020
469	1.000000000000000e+00	26080
470	1.000000000000000e+00	26340
471	1.000000000000000e+00	25240
472	1.000000000000000e+00	25620
473	1.000000000000000e+00	27060
474	1.000000000000000e+00	25400
475	1.000000000000000e+00	26240
476	1.000000000000000e+00	24120
477	1.000000000000000e+00	26960
478	1.000000000000000e+00	27920
479	1.000000000000000e+00	26060
480	1.000000000000000e+00	25180
481	1.000000000000000e+00	26220
482	1.000000000000000e+00	26780
483	1.000000000000000e+00	26600
484	1.000000000000000e+00	24840
485	1.000000000000000e+00	26740
486	1.000000000000000e+00	25620
487	1.000000000000000e+00	27120
488	1.000000000000000e+00	26240
489	1.000000000000000e+00	27480
490	1.000000000000000e+00	26980
491	9.500000000000001e-01	56880
492	9.000000000000000e-01	57920
493	8.500000000000001e-01	216600
494	8.000000000000000e-01	216600
495	7.500000000000000e-01	57600
496	7.000000000000001e-01	56440
497	6.500000000000000e-01	58100
498	6.000000000000001e-01	57740
499	5.500000000000000e-01	57580
500	5.000000000000000e-01	56780
501	5.500000000000000e-01	57580
502	6.000000000000001e-01	57060
503	6.500000000000000e-01	58400
504	7.000000000000001e-01	57560
505	7.500000000000000e-01	57200
506	8.000000000000000e-01	57580
507	8.500000000000001e-01	59380
508	9.000000000000000e-01	56320
509	9.500000000000001e-01	58540
510	9.000000000000000e-01	58740
511	8.500000000000001e-01	56740
512	8.000000000000000e-01	57020
513	7.500000000000000e-01	56600
514	8.000000000000000e-01	57980
515	8.500000000000001e-01	58040
516	9.000000000000000e-01	58000
517	9.500000000000001e-01	57380
518	1.000000000000000e+00	57600
519	1.000000000000000e+00	58580
520	1.000000000000000e+00	56600
521	1.000000000000000e+00	57120
522	1.000000000000000e+00	58520
523	1.000000000000000e+00	57100
524	1.000000000000000e+00	57920
525	1.000000000000000e+00	57800
526	1.000000000000000e+00	58560
527	1.000000000000000e+00	58840
528	1.000000000000000e+00	56660
529	1.000000000000000e+00	29720
530	1.000000000000000e+00	57560
531	1.000000000000000e+00	56140
532	1.000000000000000e+00	30160
533	1.000000000000000e+00	31220
534	1.000000000000000e+00	28300
535	1.000000000000000e+00	57020
536	1.000000000000000e+00	31100
537	1.000000000000000e+00	60160
538	1.000000000000000e+00	57720
539	1.000000000000000e+00	59660
540	1.000000000000000e+00	58980
541	1.000000000000000e+00	58580
542	1.000000000000000e+00	33080
543	1.000000000000000e+00	58940
544	1.000000000000000e+00	32820
545	1.000000000000000e+00	32220
546	1.000000000000000e+00	31020
547	1.000000000000000e+00	30940
548	1.000000000000000e+00	30500
549	1.000000000000000e+00	32380
550	1.000000000000000e+00	29520
551	1.000000000000000e+00	28140
552	1.000000000000000e+00	30400
553	1.000000000000000e+00	30740
554	1.000000000000000e+00	30980
555	1.000000000000000e+00	31560
556	1.000000000000000e+00	30120
557	1.000000000000000e+00	32400
558	1.000000000000000e+00	31040
559	1.000000000000000e+00	30680
560	1.000000000000000e+00	33040
561	1.000000000000000e+00	30500
562	1.000000000000000e+00	31500
563	1.000000000000000e+00	30460
564	1.000000000000000e+00	30940
565	1.000000000000000e+00	30560
566	1.000000000000000e+00	29560
567	1.000000000000000e+00	31100
568	1.000000000000000e+00	30320
569	1.000000000000000e+00	30540
570	1.000000000000000e+00	30420
571	1.000000000000000e+00	29980
572	1.000000000000000e+00	31700
573	1.000000000000000e+00	30300
574	1.000000000000000e+00	31720
575	1.000000000000000e+00	31140
576	1.000000000000000e+00	32680
577	1.000000000000000e+00	30600
578	1.000000000000000e+00	31420
579	1.000000000000000e+00	31160
580	1.000000000000000e+00	31680
581	1.000000000000000e+00	31980
582	1.000000000000000e+00	30500
583	1.000000000000000e+00	31080
584	1.000000000000000e+00	29500
585	1.000000000000000e+00	31780
586	1.000000000000000e+00	31920
587	1.000000000000000e+00	31500
588	1.000000000000000e+00	32300
589	1.000000000000000e+00	31260
590	1.000000000000000e+00	31900
591	1.000000000000000e+00	32260
592	1.000000000000000e+00	31280
593	1.000000000000000e+00	31760
594	1.000000000000000e+00	32360
595	1.000000000000000e+00	29920
596	1.000000000000000e+00	31800
597	1.000000000000000e+00	31360
598	1.000000000000000e+00	32080
599	1.000000000000000e+00	30040
600	1.000000000000000e+00	31280
601	1.000000000000000e+00	32140
602	1.000000000000000e+00	29520
603	1.000000000000000e+00	32360
604	1.000000000000000e+00	30920
605	1.000000000000000e+00	29640
606	1.000000000000000e+00	30640
607	1.000000000000000e+00	32140
608	1.000000000000000e+00	31560
609	1.000000000000000e+00	30740
610	1.000000000000000e+00	30400
611	1.000000000000000e+00	31740
612	1.000000000000000e+00	32400
613	1.000000000000000e+00	32660
614	1.000000000000000e+00	31900
615	1.000000000000000e+00	30820
616	1.000000000000000e+00	31500
617	1.000000000000000e+00	31040
618	1.000000000000000e+00	31180
619	1.000000000000000e+00	32820
620	1.000000000000000e+00	30680
621	1.000000000000000e+00	31100
622	1.000000000000000e+00	33380
623	1.000000000000000e+00	31400
624	1.000000000000000e+00	32260
625	1.000000000000000e+00	30980
626	1.000000000000000e+00	31900
627	1.000000000000000e+00	31160
628	1.000000000000000e+00	31100
629	1.000000000000000e+00	31320
630	1.000000000000000e+00	31160
631	1.000000000000000e+00	32580
632	1.000000000000000e+00	32280
633	1.000000000000000e+00	33600
634	1.000000000000000e+00	30400
635	1.000000000000000e+00	32940
636	1.000000000000000e+00	32980
637	1.000000000000000e+00	32280
638	1.000000000000000e+00	29920
639	1.000000000000000e+00	30940
640	1.000000000000000e+00	30240
641	1.000000000000000e+00	29620
642	1.000000000000000e+00	32020
643	1.000000000000000e+00	32500
644	1.000000000000000e+00	31340
645	1.000000000000000e+00	31180
646	1.000000000000000e+00	31840
647	1.000000000000000e+00	30400
648	1.000000000000000e+00	30640
649	1.000000000000000e+00	30480
650	1.000000000000000e+00	32520
651	1.000000000000000e+00	30460
652	1.000000000000000e+00	31120
653	1.000000000000000e+00	30360
654	1.000000000000000e+00	30080
655	1.000000000000000e+00	29320
656	1.000000000000000e+00	29640
657	1.000000000000000e+00	29660
658	1.000000000000000e+00	30660
659	1.000000000000000e+00	31100
660	1.000000000000000e+00	30920
661	1.000000000000000e+00	31460
662	1.000000000000000e+00	31020
663	1.000000000000000e+00	30620
664	1.000000000000000e+00	30900
665	1.000000000000000e+00	31320
666	1.000000000000000e+00	31760
667	1.000000000000000e+00	32480
668	1.000000000000000e+00	30840
669	1.000000000000000e+00	32680
670	1.000000000000000e+00	30360
671	1.000000000000000e+00	32640
672	1.000000000000000e+00	31340
673	1.000000000000000e+00	30680
674	1.000000000000000e+00	30260
675	1.000000000000000e+00	31960
676	1.000000000000000e+00	32100
677	1.000000000000000e+00	32540
678	1.000000000000000e+00	31380
679	1.000000000000000e+00	30520
680	1.000000000000000e+00	31100
681	1.000000000000000e+00	33880
682	1.000000000000000e+00	30800
683	1.000000000000000e+00	30860
684	1.000000000000000e+00	30980
685	1.000000000000000e+00	30120
686	1.000000000000000e+00	30420
687	1.000000000000000e+00	30480
688	1.000000000000000e+00	32740
689	1.000000000000000e+00	32940
690	1.000000000000000e+00	31860
691	1.000000000000000e+00	31500
692	1.000000000000000e+00	31860
693	1.000000000000000e+00	30000
694	1.000000000000000e+00	30420
695	1.000000000000000e+00	32160
696	1.000000000000000e+00	31900
697	1.000000000000000e+00	31980
698	1.000000000000000e+00	32940
699	1.000000000000000e+00	32920
700	1.000000000000000e+00	32560
701	1.000000000000000e+00	29820
702	1.000000000000000e+00	31680
703	1.000000000000000e+00	31280
704	1.000000000000000e+00	32500
705	1.000000000000000e+00	30700
706	1.000000000000000e+00	31140
707	1.000000000000000e+00	31080
708	1.000000000000000e+00	30460
709	1.000000000000000e+00	28880
710	1.000000000000000e+00	31980
711	1.000000000000000e+00	31920
712	1.000000000000000e+00	31740
713	1.000000000000000e+00	30820
714	1.000000000000000e+00	32180
715	1.000000000000000e+00	32000
716	1.000000000000000e+00	34120
717	1.000000000000000e+00	33680
718	1.000000000000000e+00	31900
719	1.000000000000000e+00	31880
720	1.000000000000000e+00	31640
721	1.000000000000000e+00	32080
722	1.000000000000000e+00	32020
723	1.000000000000000e+00	33460
724	1.000000000000000e+00	31460
725	1.000000000000000e+00	33320
726	1.000000000000000e+00	32560
727	1.000000000000000e+00	33300
728	1.000000000000000e+00	31200
729	1.000000000000000e+00	32120
730	1.000000000000000e+00	33620
731	1.000000000000000e+00	31400
732	1.000000000000000e+00	33500
733	1.000000000000000e+00	33620
734	1.000000000000000e+00	33760
735	1.000000000000000e+00	32260
736	1.000000000000000e+00	33120
737	1.000000000000000e+00	32780
738	1.000000000000000e+00	32000
739	1.000000000000000e+00	33300
740	1.000000000000000e+00	33380
741	1.000000000000000e+00	32620
742	1.000000000000000e+00	32780
743	1.000000000000000e+00	32660
744	1.000000000000000e+00	32240
745	1.000000000000000e+00	31640
746	1.000000000000000e+00	31260
747	1.000000000000000e+00	31180
748	1.000000000000000e+00	32640
749	1.000000000000000e+00	31060
750	1.000000000000000e+00	33440
751	1.000000000000000e+00	30680
752	1.000000000000000e+00	31980
753	1.000000000000000e+00	31380
754	1.000000000000000e+00	32300
755	1.000000000000000e+00	32580
756	1.000000000000000e+00	32540
757	1.000000000000000e+00	32520
758	1.000000000000000e+00	32780
759	1.000000000000000e+00	32400
760	1.000000000000000e+00	32600
761	1.000000000000000e+00	33680
762	1.000000000000000e+00	32780
763	1.000000000000000e+00	34100
764	1.000000000000000e+00	32800
765	1.000000000000000e+00	33200
766	1.000000000000000e+00	33340
767	1.000000000000000e+00	34260
768	1.000000000000000e+00	31920
769	1.000000000000000e+00	32160
770	1.000000000000000e+00	31940
771	1.000000000000000e+00	32580
772	1.000000000000000e+00	32100
773	1.000000000000000e+00	32620
774	1.000000000000000e+00	34200
775	1.000000000000000e+00	34080
776	1.000000000000000e+00	33120
777	1.000000000000000e+00	33560
778	1.000000000000000e+00	33060
779	1.000000000000000e+00	34800
780	1.000000000000000e+00	35540
781	1.000000000000000e+00	33220
782	1.000000000000000e+00	35360
783	1.000000000000000e+00	33800
784	1.000000000000000e+00	34640
785	1.000000000000000e+00	33700
786	1.000000000000000e+00	34160
787	1.000000000000000e+00	33560
788	1.000000000000000e+00	33740
789	1.000000000000000e+00	34020
790	1.000000000000000e+00	33120
791	1.000000000000000e+00	31860
792	1.000000000000000e+00	31720
793	1.000000000000000e+00	33140
794	1.000000000000000e+00	34580
795	1.000000000000000e+00	34040
796	1.000000000000000e+00	32880
797	1.000000000000000e+00	34460
798	1.000000000000000e+00	33000
799	1.000000000000000e+00	33480
800	1.000000000000000e+00	34900
801	1.000000000000000e+00	32480
802	1.000000000000000e+00	33940
803	1.000000000000000e+00	32720
804	1.000000000000000e+00	33240
805	1.000000000000000e+00	33680
806	1.000000000000000e+00	34540
807	1.000000000000000e+00	32480
808	1.000000000000000e+00	32940
809	1.000000000000000e+00	32400
810	1.000000000000000e+00	34580
811	1.000000000000000e+00	33980
812	1.000000000000000e+00	33380
813	1.000000000000000e+00	34720
814	1.000000000000000e+00	32740
815	1.000000000000000e+00	34420
816	1.000000000000000e+00	32420
817	1.000000000000000e+00	32360
818	1.000000000000000e+00	31460
819	1.000000000000000e+00	31800
820	1.000000000000000e+00	33160
821	1.000000000000000e+00	35020
822	1.000000000000000e+00	32300
823	1.000000000000000e+00	33420
824	1.000000000000000e+00	31740
825	1.000000000000000e+00	32420
826	1.000000000000000e+00	32020
827	1.000000000000000e+00	33380
828	1.000000000000000e+00	32780
829	1.000000000000000e+00	33640
830	1.000000000000000e+00	33920
831	1.000000000000000e+00	34460
832	1.000000000000000e+00	31960
833	1.000000000000000e+00	33460
834	1.000000000000000e+00	33300
835	1.000000000000000e+00	34700
836	1.000000000000000e+00	31400
837	1.000000000000000e+00	33280
838	1.000000000000000e+00	32140
839	1.000000000000000e+00	33840
840	1.000000000000000e+00	30780
841	1.000000000000000e+00	31960
842	1.000000000000000e+00	31360
843	1.000000000000000e+00	30260
844	1.000000000000000e+00	32700
845	1.000000000000000e+00	32580
846	1.000000000000000e+00	31000
847	1.000000000000000e+00	33000
848	1.000000000000000e+00	31600
849	1.000000000000000e+00	30380
850	1.000000000000000e+00	28420
851	1.000000000000000e+00	30720
852	1.000000000000000e+00	30440
853	1.000000000000000e+00	30900
854	1.000000000000000e+00	31580
855	1.000000000000000e+00	30440
856	1.000000000000000e+00	32320
857	1.000000000000000e+00	32280
858	1.000000000000000e+00	32120
859	1.000000000000000e+00	31800
860	1.000000000000000e+00	32240
861	1.000000000000000e+00	31100
862	1.000000000000000e+00	30580
863	1.000000000000000e+00	30300
864	1.000000000000000e+00	30800
865	1.000000000000000e+00	30980
866	1.000000000000000e+00	31140
867	1.000000000000000e+00	31420
868	1.000000000000000e+00	31080
869	1.000000000000000e+00	30040
870	1.000000000000000e+00	30580
871	1.000000000000000e+00	31000
872	1.000000000000000e+00	30800
873	1.000000000000000e+00	31440
874	1.000000000000000e+00	31100
875	1.000000000000000e+00	31440
876	1.000000000000000e+00	32260
877	1.000000000000000e+00	30620
878	1.000000000000000e+00	30880
879	1.000000000000000e+00	29840
880	1.000000000000000e+00	29520
881	1.000000000000000e+00	31840
882	1.000000000000000e+00	30760
883	1.000000000000000e+00	31060
884	1.000000000000000e+00	32180
885	1.000000000000000e+00	31820
886	1.000000000000000e+00	32560
887	1.000000000000000e+00	31080
888	1.000000000000000e+00	31960
889	1.000000000000000e+00	33140
890	1.000000000000000e+00	32520
891	1.000000000000000e+00	32300
892	1.000000000000000e+00	33260
893	1.000000000000000e+00	31280
894	1.000000000000000e+00	32680
895	1.000000000000000e+00	32060
896	1.000000000000000e+00	31240
897	1.000000000000000e+00	31360
898	1.000000000000000e+00	31780
899	1.000000000000000e+00	32960
900	1.000000000000000e+00	32060
901	1.000000000000000e+00	32480
902	1.000000000000000e+00	31160
903	1.000000000000000e+00	32620
904	1.000000000000000e+00	34180
905	1.000000000000000e+00	33040
906	1.000000000000000e+00	31880
907	1.000000000000000e+00	31300
908	1.000000000000000e+00	32220
909	1.000000000000000e+00	32820
910	1.000000000000000e+00	33940
911	1.000000000000000e+00	34360
912	1.000000000000000e+00	33260
913	1.000000000000000e+00	32200
914	1.000000000000000e+00	34220
915	1.000000000000000e+00	31260
916	1.000000000000000e+00	33680
917	1.000000000000000e+00	33460
918	1.000000000000000e+00	33000
919	1.000000000000000e+00	32380
920	1.000000000000000e+00	32400
921	1.000000000000000e+00	32220
922	1.000000000000000e+00	34080
923	1.000000000000000e+00	32560
924	1.000000000000000e+00	33120
925	1.000000000000000e+00	32240
926	1.000000000000000e+00	32760
927	1.000000000000000e+00	31120
928	1.000000000000000e+00	33940
929	1.000000000000000e+00	33440
930	1.000000000000000e+00	32000
931	1.000000000000000e+00	32360
932	1.000000000000000e+00	32600
933	1.000000000000000e+00	30660
934	1.000000000000000e+00	31700
935	1.000000000000000e+00	32480
936	1.000000000000000e+00	32500
937	1.000000000000000e+00	31780
938	1.000000000000000e+00	30320
939	1.000000000000000e+00	31800
940	1.000000000000000e+00	32720
941	1.000000000000000e+00	32040
942	1.000000000000000e+00	31820
943	1.000000000000000e+00	29760
944	1.000000000000000e+00	31540
945	1.000000000000000e+00	31660
946	1.000000000000000e+00	32660
947	1.000000000000000e+00	31920
948	1.000000000000000e+00	32900
949	1.000000000000000e+00	32960
950	1.000000000000000e+00	33700
951	1.000000000000000e+00	33040
952	1.000000000000000e+00	33320
953	1.000000000000000e+00	33480
954	1.000000000000000e+00	33480
955	1.000000000000000e+00	32420
956	1.000000000000000e+00	32960
957	1.000000000000000e+00	33340
958	1.000000000000000e+00	31400
959	1.000000000000000e+00	31760
960	1.000000000000000e+00	32820
961	1.000000000000000e+00	32000
962	1.000000000000000e+00	32540
963	1.000000000000000e+00	33860
964	1.000000000000000e+00	32920
965	1.000000000000000e+00	31040
966	1.000000000000000e+00	31600
967	1.000000000000000e+00	32460
968	1.000000000000000e+00	31000
969	1.000000000000000e+00	31660
970	1.000000000000000e+00	30620
971	1.000000000000000e+00	32360
972	1.000000000000000e+00	31340
973	1.000000000000000e+00	31820
974	1.000000000000000e+00	32540
975	1.000000000000000e+00	32580
976	1.000000000000000e+00	30960
977	1.000000000000000e+00	31020
978	1.000000000000000e+00	32300
979	1.000000000000000e+00	29240
980	1.000000000000000e+00	31880
981	1.000000000000000e+00	31320
982	1.000000000000000e+00	31000
983	1.000000000000000e+00	32880
984	1.000000000000000e+00	30620
985	1.000000000000000e+00	32660
986	1.000000000000000e+00	30140
987	1.000000000000000e+00	31240
988	1.000000000000000e+00	30840
989	1.000000000000000e+00	30900
990	1.000000000000000e+00	30120
991	1.000000000000000e+00	31920
992	1.000000000000000e+00	31800
993	1.000000000000000e+00	31100
994	1.000000000000000e+00	30960
995	1.000000000000000e+00	31280
996	1.000000000000000e+00	31120
997	1.000000000000000e+00	32740
998	1.000000000000000e+00	32920
999	1.000000000000000e+00	32120
1000	1.000000000000000e+00	32300


Tempo gasto: 23.665872
