Método usado: ANTCOLONY OPTIMIZATION

POSIÇÃO	ÁREA(mm²)	CUSTO

1	1.000000000000000e+00	13560
2	1.000000000000000e+00	13920
3	1.000000000000000e+00	13540
4	1.000000000000000e+00	15580
5	1.000000000000000e+00	13240
6	1.000000000000000e+00	13980
7	1.000000000000000e+00	12720
8	1.000000000000000e+00	12680
9	1.000000000000000e+00	15620
10	1.000000000000000e+00	13800
11	1.000000000000000e+00	13920
12	1.000000000000000e+00	13100
13	1.000000000000000e+00	13340
14	1.000000000000000e+00	13200
15	1.000000000000000e+00	13660
16	1.000000000000000e+00	13300
17	1.000000000000000e+00	14360
18	1.000000000000000e+00	13160
19	1.000000000000000e+00	13400
20	1.000000000000000e+00	13780
21	1.000000000000000e+00	13640
22	1.000000000000000e+00	13540
23	1.000000000000000e+00	13100
24	1.000000000000000e+00	13160
25	1.000000000000000e+00	14020
26	1.000000000000000e+00	14520
27	1.000000000000000e+00	13240
28	1.000000000000000e+00	14420
29	1.000000000000000e+00	13840
30	1.000000000000000e+00	13580
31	1.000000000000000e+00	13020
32	1.000000000000000e+00	14840
33	1.000000000000000e+00	13940
34	1.000000000000000e+00	13300
35	1.000000000000000e+00	12620
36	1.000000000000000e+00	13340
37	1.000000000000000e+00	13960
38	1.000000000000000e+00	13080
39	1.000000000000000e+00	13960
40	1.000000000000000e+00	13000
41	1.000000000000000e+00	14240
42	1.000000000000000e+00	13920
43	1.000000000000000e+00	13860
44	1.000000000000000e+00	12160
45	1.000000000000000e+00	13640
46	1.000000000000000e+00	13800
47	1.000000000000000e+00	13360
48	1.000000000000000e+00	13520
49	1.000000000000000e+00	13940
50	1.000000000000000e+00	13140
51	1.000000000000000e+00	13940
52	1.000000000000000e+00	14140
53	1.000000000000000e+00	13780
54	1.000000000000000e+00	13940
55	1.000000000000000e+00	13600
56	1.000000000000000e+00	12600
57	1.000000000000000e+00	13300
58	1.000000000000000e+00	12740
59	1.000000000000000e+00	14340
60	1.000000000000000e+00	14640
61	1.000000000000000e+00	13580
62	1.000000000000000e+00	14580
63	1.000000000000000e+00	14240
64	1.000000000000000e+00	13240
65	1.000000000000000e+00	14120
66	1.000000000000000e+00	13280
67	1.000000000000000e+00	13220
68	1.000000000000000e+00	13560
69	1.000000000000000e+00	13600
70	1.000000000000000e+00	14440
71	1.000000000000000e+00	13300
72	1.000000000000000e+00	14180
73	1.000000000000000e+00	13120
74	1.000000000000000e+00	13360
75	1.000000000000000e+00	14060
76	1.000000000000000e+00	13300
77	1.000000000000000e+00	12420
78	1.000000000000000e+00	13880
79	1.000000000000000e+00	13520
80	1.000000000000000e+00	13600
81	1.000000000000000e+00	13820
82	1.000000000000000e+00	13200
83	1.000000000000000e+00	14540
84	1.000000000000000e+00	14220
85	1.000000000000000e+00	13780
86	1.000000000000000e+00	13640
87	1.000000000000000e+00	14240
88	1.000000000000000e+00	14580
89	1.000000000000000e+00	13600
90	1.000000000000000e+00	13560
91	1.000000000000000e+00	14820
92	1.000000000000000e+00	14480
93	1.000000000000000e+00	14000
94	1.000000000000000e+00	13400
95	1.000000000000000e+00	13760
96	1.000000000000000e+00	12820
97	1.000000000000000e+00	14920
98	1.000000000000000e+00	13000
99	1.000000000000000e+00	13920
100	1.000000000000000e+00	13720
101	1.000000000000000e+00	13980
102	1.000000000000000e+00	13880
103	1.000000000000000e+00	14720
104	1.000000000000000e+00	13720
105	1.000000000000000e+00	13520
106	1.000000000000000e+00	13800
107	1.000000000000000e+00	14160
108	1.000000000000000e+00	13260
109	1.000000000000000e+00	14480
110	1.000000000000000e+00	12760
111	1.000000000000000e+00	13940
112	1.000000000000000e+00	13460
113	1.000000000000000e+00	13460
114	1.000000000000000e+00	13580
115	1.000000000000000e+00	13600
116	1.000000000000000e+00	13180
117	1.000000000000000e+00	13560
118	1.000000000000000e+00	14200
119	1.000000000000000e+00	13300
120	1.000000000000000e+00	13960
121	1.000000000000000e+00	12340
122	1.000000000000000e+00	13920
123	1.000000000000000e+00	14540
124	1.000000000000000e+00	14460
125	1.000000000000000e+00	14740
126	1.000000000000000e+00	14760
127	1.000000000000000e+00	13340
128	1.000000000000000e+00	13760
129	1.000000000000000e+00	13760
130	1.000000000000000e+00	13500
131	1.000000000000000e+00	14400
132	1.000000000000000e+00	13780
133	1.000000000000000e+00	14140
134	1.000000000000000e+00	12940
135	1.000000000000000e+00	12820
136	1.000000000000000e+00	12720
137	1.000000000000000e+00	13880
138	1.000000000000000e+00	13060
139	1.000000000000000e+00	13080
140	1.000000000000000e+00	12980
141	1.000000000000000e+00	13320
142	1.000000000000000e+00	13260
143	1.000000000000000e+00	13540
144	1.000000000000000e+00	15280
145	1.000000000000000e+00	14040
146	1.000000000000000e+00	12880
147	1.000000000000000e+00	13280
148	1.000000000000000e+00	13300
149	1.000000000000000e+00	14600
150	1.000000000000000e+00	12820
151	1.000000000000000e+00	13760
152	1.000000000000000e+00	13940
153	1.000000000000000e+00	14580
154	1.000000000000000e+00	13520
155	1.000000000000000e+00	13540
156	1.000000000000000e+00	13660
157	1.000000000000000e+00	13580
158	1.000000000000000e+00	15040
159	1.000000000000000e+00	13800
160	1.000000000000000e+00	14160
161	1.000000000000000e+00	13680
162	1.000000000000000e+00	13500
163	1.000000000000000e+00	14400
164	1.000000000000000e+00	13920
165	1.000000000000000e+00	13580
166	1.000000000000000e+00	13320
167	1.000000000000000e+00	14380
168	1.000000000000000e+00	14180
169	1.000000000000000e+00	14720
170	1.000000000000000e+00	13280
171	1.000000000000000e+00	13060
172	1.000000000000000e+00	15080
173	1.000000000000000e+00	13560
174	1.000000000000000e+00	13260
175	1.000000000000000e+00	14140
176	1.000000000000000e+00	13320
177	1.000000000000000e+00	13840
178	1.000000000000000e+00	13960
179	1.000000000000000e+00	14460
180	1.000000000000000e+00	13700
181	1.000000000000000e+00	12720
182	1.000000000000000e+00	13180
183	1.000000000000000e+00	13540
184	1.000000000000000e+00	13540
185	1.000000000000000e+00	13560
186	1.000000000000000e+00	14040
187	1.000000000000000e+00	14340
188	1.000000000000000e+00	15140
189	1.000000000000000e+00	13920
190	1.000000000000000e+00	13700
191	1.000000000000000e+00	13220
192	1.000000000000000e+00	13880
193	1.000000000000000e+00	13320
194	1.000000000000000e+00	13220
195	1.000000000000000e+00	14660
196	1.000000000000000e+00	14000
197	1.000000000000000e+00	13980
198	1.000000000000000e+00	13040
199	1.000000000000000e+00	14220
200	1.000000000000000e+00	14300
201	1.000000000000000e+00	14220
202	1.000000000000000e+00	13460
203	1.000000000000000e+00	14160
204	1.000000000000000e+00	13920
205	1.000000000000000e+00	13420
206	1.000000000000000e+00	13480
207	1.000000000000000e+00	14560
208	1.000000000000000e+00	14420
209	1.000000000000000e+00	14220
210	1.000000000000000e+00	14680
211	1.000000000000000e+00	14260
212	1.000000000000000e+00	14200
213	1.000000000000000e+00	13200
214	9.500000000000001e-01	14720
215	9.500000000000001e-01	13340
216	9.500000000000001e-01	14220
217	9.500000000000001e-01	13480
218	9.500000000000001e-01	14460
219	9.500000000000001e-01	13540
220	9.500000000000001e-01	14560
221	9.500000000000001e-01	14540
222	9.500000000000001e-01	13680
223	9.500000000000001e-01	13700
224	9.500000000000001e-01	14220
225	9.500000000000001e-01	13580
226	9.500000000000001e-01	13720
227	9.500000000000001e-01	13080
228	9.500000000000001e-01	13960
229	9.500000000000001e-01	13320
230	9.500000000000001e-01	13680
231	9.500000000000001e-01	14400
232	9.500000000000001e-01	14680
233	9.500000000000001e-01	13960
234	9.500000000000001e-01	13900
235	9.500000000000001e-01	13500
236	9.500000000000001e-01	14560
237	9.500000000000001e-01	13260
238	9.500000000000001e-01	13600
239	9.500000000000001e-01	13900
240	9.500000000000001e-01	13040
241	9.500000000000001e-01	13160
242	9.500000000000001e-01	13100
243	9.500000000000001e-01	14360
244	9.500000000000001e-01	13100
245	9.500000000000001e-01	14060
246	9.500000000000001e-01	15000
247	9.500000000000001e-01	14040
248	9.500000000000001e-01	13980
249	9.500000000000001e-01	13160
250	9.500000000000001e-01	13380
251	9.500000000000001e-01	13980
252	9.500000000000001e-01	14180
253	9.500000000000001e-01	12840
254	9.500000000000001e-01	13640
255	9.500000000000001e-01	13280
256	9.500000000000001e-01	14340
257	9.500000000000001e-01	12980
258	9.500000000000001e-01	14680
259	9.500000000000001e-01	15000
260	9.500000000000001e-01	13360
261	9.500000000000001e-01	13360
262	9.500000000000001e-01	13160
263	9.500000000000001e-01	14140
264	9.500000000000001e-01	13760
265	9.500000000000001e-01	13600
266	9.500000000000001e-01	13760
267	9.500000000000001e-01	13700
268	9.500000000000001e-01	13780
269	9.500000000000001e-01	13620
270	9.500000000000001e-01	13560
271	9.500000000000001e-01	13020
272	9.500000000000001e-01	13680
273	9.500000000000001e-01	13500
274	9.500000000000001e-01	14660
275	9.500000000000001e-01	12740
276	9.500000000000001e-01	14860
277	9.500000000000001e-01	13260
278	9.500000000000001e-01	14080
279	9.500000000000001e-01	12720
280	9.500000000000001e-01	14200
281	9.500000000000001e-01	13940
282	9.500000000000001e-01	14140
283	9.500000000000001e-01	13080
284	9.500000000000001e-01	13760
285	9.500000000000001e-01	14500
286	9.500000000000001e-01	13660
287	9.500000000000001e-01	13440
288	9.500000000000001e-01	14720
289	9.500000000000001e-01	14980
290	9.500000000000001e-01	14960
291	9.500000000000001e-01	12940
292	9.500000000000001e-01	14240
293	9.500000000000001e-01	14280
294	9.500000000000001e-01	13820
295	9.500000000000001e-01	13060
296	9.500000000000001e-01	13540
297	9.500000000000001e-01	14360
298	9.500000000000001e-01	12980
299	9.500000000000001e-01	13740
300	9.500000000000001e-01	14240
301	9.500000000000001e-01	14620
302	9.500000000000001e-01	13360
303	9.500000000000001e-01	14240
304	9.500000000000001e-01	13160
305	9.500000000000001e-01	13100
306	9.500000000000001e-01	13800
307	9.500000000000001e-01	12800
308	9.500000000000001e-01	14300
309	9.500000000000001e-01	13420
310	9.500000000000001e-01	13700
311	9.500000000000001e-01	14580
312	9.500000000000001e-01	13420
313	9.500000000000001e-01	14280
314	9.500000000000001e-01	14560
315	9.500000000000001e-01	13400
316	9.500000000000001e-01	12540
317	9.500000000000001e-01	13380
318	9.500000000000001e-01	13660
319	9.500000000000001e-01	12700
320	9.500000000000001e-01	14180
321	9.500000000000001e-01	14640
322	9.500000000000001e-01	14400
323	9.500000000000001e-01	14100
324	9.500000000000001e-01	14660
325	9.500000000000001e-01	13080
326	9.500000000000001e-01	13580
327	9.500000000000001e-01	15020
328	9.500000000000001e-01	13000
329	9.500000000000001e-01	13100
330	9.500000000000001e-01	14940
331	9.500000000000001e-01	12480
332	9.500000000000001e-01	12760
333	9.500000000000001e-01	14100
334	9.500000000000001e-01	13820
335	9.500000000000001e-01	12180
336	9.500000000000001e-01	13460
337	9.500000000000001e-01	13060
338	9.500000000000001e-01	14120
339	9.500000000000001e-01	13680
340	9.500000000000001e-01	14180
341	9.500000000000001e-01	14160
342	9.500000000000001e-01	13240
343	9.500000000000001e-01	14100
344	9.500000000000001e-01	14460
345	9.500000000000001e-01	14040
346	9.500000000000001e-01	13560
347	9.500000000000001e-01	13580
348	9.500000000000001e-01	14180
349	9.500000000000001e-01	13580
350	9.500000000000001e-01	14080
351	9.500000000000001e-01	14640
352	9.500000000000001e-01	14860
353	9.500000000000001e-01	13800
354	9.500000000000001e-01	13580
355	9.500000000000001e-01	13480
356	9.500000000000001e-01	12800
357	9.500000000000001e-01	13760
358	9.500000000000001e-01	14660
359	9.500000000000001e-01	14040
360	9.500000000000001e-01	13380
361	9.500000000000001e-01	14180
362	9.500000000000001e-01	14160
363	9.500000000000001e-01	14460
364	9.500000000000001e-01	13700
365	9.500000000000001e-01	12880
366	9.500000000000001e-01	14480
367	9.500000000000001e-01	14220
368	9.500000000000001e-01	13080
369	9.500000000000001e-01	14180
370	9.500000000000001e-01	13400
371	9.500000000000001e-01	13280
372	9.500000000000001e-01	14540
373	9.500000000000001e-01	13540
374	9.500000000000001e-01	14060
375	9.500000000000001e-01	14000
376	9.500000000000001e-01	13300
377	9.500000000000001e-01	14680
378	9.500000000000001e-01	14320
379	9.500000000000001e-01	13560
380	9.500000000000001e-01	13500
381	9.500000000000001e-01	13760
382	9.500000000000001e-01	14340
383	9.500000000000001e-01	12860
384	9.500000000000001e-01	14000
385	9.500000000000001e-01	14240
386	9.500000000000001e-01	14400
387	9.500000000000001e-01	13440
388	9.500000000000001e-01	14540
389	9.500000000000001e-01	14300
390	9.500000000000001e-01	13680
391	9.500000000000001e-01	13220
392	9.500000000000001e-01	14320
393	9.500000000000001e-01	14720
394	9.500000000000001e-01	13740
395	9.500000000000001e-01	14220
396	9.500000000000001e-01	13320
397	9.500000000000001e-01	12780
398	9.500000000000001e-01	13960
399	9.500000000000001e-01	13360
400	9.500000000000001e-01	14420
401	9.500000000000001e-01	13380
402	9.500000000000001e-01	14440
403	9.500000000000001e-01	12960
404	9.500000000000001e-01	13820
405	9.500000000000001e-01	14500
406	9.500000000000001e-01	13620
407	9.500000000000001e-01	14640
408	9.500000000000001e-01	14800
409	9.500000000000001e-01	13620
410	9.500000000000001e-01	14000
411	9.500000000000001e-01	13500
412	9.500000000000001e-01	13660
413	9.500000000000001e-01	14240
414	9.500000000000001e-01	12480
415	9.500000000000001e-01	13880
416	9.500000000000001e-01	13180
417	9.500000000000001e-01	12640
418	9.500000000000001e-01	14200
419	9.500000000000001e-01	13360
420	9.500000000000001e-01	14560
421	9.500000000000001e-01	12840
422	9.500000000000001e-01	13820
423	9.500000000000001e-01	13900
424	9.500000000000001e-01	14740
425	9.500000000000001e-01	14340
426	9.500000000000001e-01	13520
427	9.500000000000001e-01	13320
428	9.500000000000001e-01	13340
429	9.500000000000001e-01	14900
430	9.500000000000001e-01	16120
431	9.500000000000001e-01	14940
432	9.500000000000001e-01	14940
433	9.500000000000001e-01	12620
434	9.500000000000001e-01	13980
435	9.500000000000001e-01	13800
436	9.500000000000001e-01	13420
437	9.500000000000001e-01	14380
438	9.500000000000001e-01	13880
439	9.500000000000001e-01	14320
440	9.500000000000001e-01	13740
441	9.500000000000001e-01	14640
442	9.500000000000001e-01	13300
443	9.500000000000001e-01	13460
444	9.500000000000001e-01	12700
445	9.500000000000001e-01	13520
446	9.500000000000001e-01	13460
447	9.500000000000001e-01	13460
448	9.500000000000001e-01	14380
449	9.500000000000001e-01	13220
450	9.500000000000001e-01	13960
451	9.500000000000001e-01	13640
452	9.500000000000001e-01	14280
453	9.500000000000001e-01	13860
454	9.500000000000001e-01	14500
455	9.500000000000001e-01	13260
456	9.500000000000001e-01	13760
457	9.500000000000001e-01	13800
458	9.500000000000001e-01	12900
459	9.500000000000001e-01	14100
460	9.500000000000001e-01	12840
461	9.500000000000001e-01	14180
462	9.500000000000001e-01	14460
463	9.500000000000001e-01	13940
464	9.500000000000001e-01	13380
465	9.500000000000001e-01	13260
466	9.500000000000001e-01	13280
467	9.500000000000001e-01	14060
468	9.500000000000001e-01	14380
469	9.500000000000001e-01	13500
470	9.500000000000001e-01	13520
471	9.500000000000001e-01	13060
472	9.500000000000001e-01	14080
473	9.500000000000001e-01	14000
474	9.500000000000001e-01	12920
475	9.500000000000001e-01	13740
476	9.500000000000001e-01	12540
477	9.500000000000001e-01	14440
478	9.500000000000001e-01	13600
479	9.500000000000001e-01	13240
480	9.500000000000001e-01	13400
481	9.500000000000001e-01	13640
482	9.500000000000001e-01	13800
483	9.500000000000001e-01	13880
484	9.500000000000001e-01	13260
485	9.500000000000001e-01	13820
486	9.500000000000001e-01	13000
487	9.500000000000001e-01	14000
488	9.500000000000001e-01	13480
489	9.500000000000001e-01	14120
490	9.500000000000001e-01	14260
491	9.000000000000000e-01	31220
492	8.500000000000001e-01	31420
493	8.000000000000000e-01	114300
494	7.500000000000000e-01	114300
495	7.000000000000001e-01	31380
496	6.500000000000000e-01	30420
497	6.000000000000001e-01	31280
498	5.500000000000000e-01	31080
499	5.000000000000000e-01	30960
500	4.500000000000000e-01	30960
501	5.000000000000000e-01	30600
502	5.500000000000000e-01	30500
503	6.000000000000001e-01	31140
504	6.500000000000000e-01	30680
505	7.000000000000001e-01	31560
506	7.500000000000000e-01	31100
507	8.000000000000000e-01	32100
508	8.500000000000001e-01	29580
509	9.000000000000000e-01	30500
510	8.500000000000001e-01	31620
511	8.000000000000000e-01	30860
512	7.500000000000000e-01	30540
513	7.000000000000001e-01	30960
514	7.500000000000000e-01	30980
515	8.000000000000000e-01	30980
516	8.500000000000001e-01	31560
517	9.000000000000000e-01	30120
518	9.500000000000001e-01	30620
519	9.500000000000001e-01	31380
520	9.500000000000001e-01	30900
521	9.500000000000001e-01	30480
522	9.500000000000001e-01	31900
523	9.500000000000001e-01	31020
524	9.500000000000001e-01	31340
525	9.500000000000001e-01	30860
526	9.500000000000001e-01	31220
527	9.500000000000001e-01	32360
528	9.500000000000001e-01	31140
529	9.500000000000001e-01	15900
530	9.500000000000001e-01	31140
531	9.500000000000001e-01	30480
532	9.500000000000001e-01	15860
533	9.500000000000001e-01	16920
534	9.500000000000001e-01	14600
535	9.500000000000001e-01	30080
536	9.500000000000001e-01	16780
537	9.500000000000001e-01	32120
538	9.500000000000001e-01	30720
539	9.500000000000001e-01	31420
540	9.500000000000001e-01	32220
541	9.500000000000001e-01	31180
542	9.500000000000001e-01	17380
543	9.500000000000001e-01	31800
544	9.500000000000001e-01	18060
545	9.500000000000001e-01	17640
546	9.500000000000001e-01	16080
547	9.500000000000001e-01	15980
548	9.500000000000001e-01	15960
549	9.500000000000001e-01	16780
550	9.500000000000001e-01	15160
551	9.500000000000001e-01	14660
552	9.500000000000001e-01	15180
553	9.500000000000001e-01	16280
554	9.500000000000001e-01	15660
555	9.500000000000001e-01	16220
556	9.500000000000001e-01	15920
557	9.500000000000001e-01	16620
558	9.500000000000001e-01	15800
559	9.500000000000001e-01	15180
560	9.500000000000001e-01	16620
561	9.500000000000001e-01	15640
562	9.500000000000001e-01	16240
563	9.500000000000001e-01	14560
564	9.500000000000001e-01	16040
565	9.500000000000001e-01	15620
566	9.500000000000001e-01	14680
567	9.500000000000001e-01	15780
568	9.500000000000001e-01	16060
569	9.500000000000001e-01	16640
570	9.500000000000001e-01	15780
571	9.500000000000001e-01	16180
572	9.500000000000001e-01	15880
573	9.500000000000001e-01	15820
574	9.500000000000001e-01	17260
575	9.500000000000001e-01	15540
576	9.500000000000001e-01	16840
577	9.500000000000001e-01	15300
578	9.500000000000001e-01	17160
579	9.500000000000001e-01	16860
580	9.500000000000001e-01	15700
581	9.500000000000001e-01	17260
582	9.500000000000001e-01	15600
583	9.500000000000001e-01	14960
584	9.500000000000001e-01	14560
585	9.500000000000001e-01	15900
586	9.500000000000001e-01	17160
587	9.500000000000001e-01	16740
588	9.500000000000001e-01	16680
589	9.500000000000001e-01	15720
590	9.500000000000001e-01	16460
591	9.500000000000001e-01	18000
592	9.500000000000001e-01	16140
593	9.500000000000001e-01	16820
594	9.500000000000001e-01	17020
595	9.500000000000001e-01	16180
596	9.500000000000001e-01	17340
597	9.500000000000001e-01	16300
598	9.500000000000001e-01	17240
599	9.500000000000001e-01	15740
600	9.500000000000001e-01	15580
601	9.500000000000001e-01	16560
602	9.500000000000001e-01	14860
603	9.500000000000001e-01	17180
604	9.500000000000001e-01	15500
605	9.500000000000001e-01	15180
606	9.500000000000001e-01	16300
607	9.500000000000001e-01	15700
608	9.500000000000001e-01	16340
609	9.500000000000001e-01	15180
610	9.500000000000001e-01	14500
611	9.500000000000001e-01	16280
612	9.500000000000001e-01	17540
613	9.500000000000001e-01	16100
614	9.500000000000001e-01	15940
615	9.500000000000001e-01	16180
616	9.500000000000001e-01	15420
617	9.500000000000001e-01	16000
618	9.500000000000001e-01	15620
619	9.500000000000001e-01	16460
620	9.500000000000001e-01	15020
621	9.500000000000001e-01	14760
622	9.500000000000001e-01	16600
623	9.500000000000001e-01	15180
624	9.500000000000001e-01	15080
625	9.500000000000001e-01	15240
626	9.500000000000001e-01	16260
627	9.500000000000001e-01	15900
628	9.500000000000001e-01	14920
629	9.500000000000001e-01	15300
630	9.500000000000001e-01	16200
631	9.500000000000001e-01	16420
632	9.500000000000001e-01	15620
633	9.500000000000001e-01	17220
634	9.500000000000001e-01	15520
635	9.500000000000001e-01	16180
636	9.500000000000001e-01	16220
637	9.500000000000001e-01	17060
638	9.500000000000001e-01	14840
639	9.500000000000001e-01	15880
640	9.500000000000001e-01	15200
641	9.500000000000001e-01	14860
642	9.500000000000001e-01	15720
643	9.500000000000001e-01	17280
644	9.500000000000001e-01	15560
645	9.500000000000001e-01	15700
646	9.500000000000001e-01	15660
647	9.500000000000001e-01	15180
648	9.500000000000001e-01	15280
649	9.500000000000001e-01	15680
650	9.500000000000001e-01	17300
651	9.500000000000001e-01	17200
652	9.500000000000001e-01	16180
653	9.500000000000001e-01	16360
654	9.500000000000001e-01	15780
655	9.500000000000001e-01	15380
656	9.500000000000001e-01	14840
657	9.500000000000001e-01	15480
658	9.500000000000001e-01	15640
659	9.500000000000001e-01	16260
660	9.500000000000001e-01	16300
661	9.500000000000001e-01	16880
662	9.500000000000001e-01	16140
663	9.500000000000001e-01	16300
664	9.500000000000001e-01	16380
665	9.500000000000001e-01	16400
666	9.500000000000001e-01	16920
667	9.500000000000001e-01	17540
668	9.500000000000001e-01	15740
669	9.500000000000001e-01	17020
670	9.500000000000001e-01	15800
671	9.500000000000001e-01	17720
672	9.500000000000001e-01	16780
673	9.500000000000001e-01	16400
674	9.500000000000001e-01	16440
675	9.500000000000001e-01	17540
676	9.500000000000001e-01	17020
677	9.500000000000001e-01	18060
678	9.500000000000001e-01	16140
679	9.500000000000001e-01	16040
680	9.500000000000001e-01	15860
681	9.500000000000001e-01	17920
682	9.500000000000001e-01	16340
683	9.500000000000001e-01	16000
684	9.500000000000001e-01	16020
685	9.500000000000001e-01	16240
686	9.500000000000001e-01	14840
687	9.500000000000001e-01	15400
688	9.500000000000001e-01	16020
689	9.500000000000001e-01	16700
690	9.500000000000001e-01	16360
691	9.500000000000001e-01	16300
692	9.500000000000001e-01	15940
693	9.500000000000001e-01	15680
694	9.500000000000001e-01	15180
695	9.500000000000001e-01	16660
696	9.500000000000001e-01	15860
697	9.500000000000001e-01	17160
698	9.500000000000001e-01	16860
699	9.500000000000001e-01	16900
700	9.500000000000001e-01	16360
701	9.500000000000001e-01	15600
702	9.500000000000001e-01	15020
703	9.500000000000001e-01	15900
704	9.500000000000001e-01	15980
705	9.500000000000001e-01	15400
706	9.500000000000001e-01	15020
707	9.500000000000001e-01	14840
708	9.500000000000001e-01	14820
709	9.500000000000001e-01	14980
710	9.500000000000001e-01	15880
711	9.500000000000001e-01	16280
712	9.500000000000001e-01	16060
713	9.500000000000001e-01	16140
714	9.500000000000001e-01	16240
715	9.500000000000001e-01	16160
716	9.500000000000001e-01	17160
717	9.500000000000001e-01	16540
718	9.500000000000001e-01	16580
719	9.500000000000001e-01	17180
720	9.500000000000001e-01	17040
721	9.500000000000001e-01	15860
722	9.500000000000001e-01	15640
723	9.500000000000001e-01	17040
724	9.500000000000001e-01	15040
725	9.500000000000001e-01	17500
726	9.500000000000001e-01	17000
727	9.500000000000001e-01	17060
728	9.500000000000001e-01	15260
729	9.500000000000001e-01	15980
730	9.500000000000001e-01	17020
731	9.500000000000001e-01	16540
732	9.500000000000001e-01	16460
733	9.500000000000001e-01	17020
734	9.500000000000001e-01	17420
735	9.500000000000001e-01	16080
736	9.500000000000001e-01	17080
737	9.500000000000001e-01	17060
738	9.500000000000001e-01	16320
739	9.500000000000001e-01	17620
740	9.500000000000001e-01	16820
741	9.500000000000001e-01	17240
742	9.500000000000001e-01	16720
743	9.500000000000001e-01	16440
744	9.500000000000001e-01	16180
745	9.500000000000001e-01	15700
746	9.500000000000001e-01	15660
747	9.500000000000001e-01	16920
748	9.500000000000001e-01	16520
749	9.500000000000001e-01	15240
750	9.500000000000001e-01	16320
751	9.500000000000001e-01	15780
752	9.500000000000001e-01	15640
753	9.500000000000001e-01	16380
754	9.500000000000001e-01	16220
755	9.500000000000001e-01	16980
756	9.500000000000001e-01	16940
757	9.500000000000001e-01	17060
758	9.500000000000001e-01	16920
759	9.500000000000001e-01	15860
760	9.500000000000001e-01	16700
761	9.500000000000001e-01	16860
762	9.500000000000001e-01	15580
763	9.500000000000001e-01	18340
764	9.500000000000001e-01	16100
765	9.500000000000001e-01	16020
766	9.500000000000001e-01	15940
767	9.500000000000001e-01	17260
768	9.500000000000001e-01	15760
769	9.500000000000001e-01	16120
770	9.500000000000001e-01	15160
771	9.500000000000001e-01	15620
772	9.500000000000001e-01	16220
773	9.500000000000001e-01	15920
774	9.500000000000001e-01	17060
775	9.500000000000001e-01	16780
776	9.500000000000001e-01	17180
777	9.500000000000001e-01	17400
778	9.500000000000001e-01	16200
779	9.500000000000001e-01	17220
780	9.500000000000001e-01	17520
781	9.500000000000001e-01	15720
782	9.500000000000001e-01	17600
783	9.500000000000001e-01	17940
784	9.500000000000001e-01	17720
785	9.500000000000001e-01	16420
786	9.500000000000001e-01	17840
787	9.500000000000001e-01	16660
788	9.500000000000001e-01	17380
789	9.500000000000001e-01	18040
790	9.500000000000001e-01	16860
791	9.500000000000001e-01	16340
792	9.500000000000001e-01	16140
793	9.500000000000001e-01	16340
794	9.500000000000001e-01	18500
795	9.500000000000001e-01	18380
796	9.500000000000001e-01	16800
797	9.500000000000001e-01	17660
798	9.500000000000001e-01	17620
799	9.500000000000001e-01	17140
800	9.500000000000001e-01	18960
801	9.500000000000001e-01	17560
802	9.500000000000001e-01	17920
803	9.500000000000001e-01	18480
804	9.500000000000001e-01	17420
805	9.500000000000001e-01	18680
806	9.500000000000001e-01	17860
807	9.500000000000001e-01	17140
808	9.500000000000001e-01	17640
809	9.500000000000001e-01	16880
810	9.500000000000001e-01	18560
811	9.500000000000001e-01	18240
812	9.500000000000001e-01	18280
813	9.500000000000001e-01	18720
814	9.500000000000001e-01	17740
815	9.500000000000001e-01	18500
816	9.500000000000001e-01	16980
817	9.500000000000001e-01	18000
818	9.500000000000001e-01	17220
819	9.500000000000001e-01	16780
820	9.500000000000001e-01	19020
821	9.500000000000001e-01	19280
822	9.500000000000001e-01	17900
823	9.500000000000001e-01	18520
824	9.500000000000001e-01	17640
825	9.500000000000001e-01	17660
826	9.500000000000001e-01	17540
827	9.500000000000001e-01	18140
828	9.500000000000001e-01	18640
829	9.500000000000001e-01	19380
830	9.500000000000001e-01	18520
831	9.500000000000001e-01	19520
832	9.500000000000001e-01	17380
833	9.500000000000001e-01	18240
834	9.500000000000001e-01	18640
835	9.500000000000001e-01	19880
836	9.500000000000001e-01	17360
837	9.500000000000001e-01	19000
838	9.500000000000001e-01	17620
839	9.500000000000001e-01	18300
840	9.500000000000001e-01	17380
841	9.500000000000001e-01	17260
842	9.500000000000001e-01	16480
843	9.500000000000001e-01	16040
844	9.500000000000001e-01	18600
845	9.500000000000001e-01	17480
846	9.500000000000001e-01	17200
847	9.500000000000001e-01	17360
848	9.500000000000001e-01	16960
849	9.500000000000001e-01	15680
850	9.500000000000001e-01	15180
851	9.500000000000001e-01	16080
852	9.500000000000001e-01	16380
853	9.500000000000001e-01	16060
854	9.500000000000001e-01	16860
855	9.500000000000001e-01	15340
856	9.500000000000001e-01	16140
857	9.500000000000001e-01	17420
858	9.500000000000001e-01	18140
859	9.500000000000001e-01	17400
860	9.500000000000001e-01	17660
861	9.500000000000001e-01	16620
862	9.500000000000001e-01	17420
863	9.500000000000001e-01	16660
864	9.500000000000001e-01	16860
865	9.500000000000001e-01	16980
866	9.500000000000001e-01	17160
867	9.500000000000001e-01	18040
868	9.500000000000001e-01	16500
869	9.500000000000001e-01	16120
870	9.500000000000001e-01	16600
871	9.500000000000001e-01	17100
872	9.500000000000001e-01	16040
873	9.500000000000001e-01	17640
874	9.500000000000001e-01	17100
875	9.500000000000001e-01	16200
876	9.500000000000001e-01	17260
877	9.500000000000001e-01	16640
878	9.500000000000001e-01	16060
879	9.500000000000001e-01	15300
880	9.500000000000001e-01	15580
881	9.500000000000001e-01	16760
882	9.500000000000001e-01	17140
883	9.500000000000001e-01	16220
884	9.500000000000001e-01	17200
885	9.500000000000001e-01	16020
886	9.500000000000001e-01	17420
887	9.500000000000001e-01	16700
888	9.500000000000001e-01	17060
889	9.500000000000001e-01	17840
890	9.500000000000001e-01	17340
891	9.500000000000001e-01	16960
892	9.500000000000001e-01	17580
893	9.500000000000001e-01	16280
894	9.500000000000001e-01	17220
895	9.500000000000001e-01	16680
896	9.500000000000001e-01	15880
897	9.500000000000001e-01	16080
898	9.500000000000001e-01	15380
899	9.500000000000001e-01	16680
900	9.500000000000001e-01	16940
901	9.500000000000001e-01	16300
902	9.500000000000001e-01	16120
903	9.500000000000001e-01	16440
904	9.500000000000001e-01	17920
905	9.500000000000001e-01	17120
906	9.500000000000001e-01	16980
907	9.500000000000001e-01	16140
908	9.500000000000001e-01	16700
909	9.500000000000001e-01	16620
910	9.500000000000001e-01	17580
911	9.500000000000001e-01	17080
912	9.500000000000001e-01	15920
913	9.500000000000001e-01	16220
914	9.500000000000001e-01	16540
915	9.500000000000001e-01	15620
916	9.500000000000001e-01	17280
917	9.500000000000001e-01	16620
918	9.500000000000001e-01	16540
919	9.500000000000001e-01	16760
920	9.500000000000001e-01	16400
921	9.500000000000001e-01	16300
922	9.500000000000001e-01	17140
923	9.500000000000001e-01	16500
924	9.500000000000001e-01	15620
925	9.500000000000001e-01	16180
926	9.500000000000001e-01	15520
927	9.500000000000001e-01	15380
928	9.500000000000001e-01	16620
929	9.500000000000001e-01	16320
930	9.500000000000001e-01	16120
931	9.500000000000001e-01	16900
932	9.500000000000001e-01	15740
933	9.500000000000001e-01	15380
934	9.500000000000001e-01	16040
935	9.500000000000001e-01	16120
936	9.500000000000001e-01	16520
937	9.500000000000001e-01	15260
938	9.500000000000001e-01	14960
939	9.500000000000001e-01	16500
940	9.500000000000001e-01	16860
941	9.500000000000001e-01	16660
942	9.500000000000001e-01	16340
943	9.500000000000001e-01	15500
944	9.500000000000001e-01	16860
945	9.500000000000001e-01	16100
946	9.500000000000001e-01	17260
947	9.500000000000001e-01	16100
948	9.500000000000001e-01	17540
949	9.500000000000001e-01	17060
950	9.500000000000001e-01	18020
951	9.500000000000001e-01	17740
952	9.500000000000001e-01	18340
953	9.500000000000001e-01	18640
954	9.500000000000001e-01	17300
955	9.500000000000001e-01	17160
956	9.500000000000001e-01	17460
957	9.500000000000001e-01	18980
958	9.500000000000001e-01	16480
959	9.500000000000001e-01	17320
960	9.500000000000001e-01	17900
961	9.500000000000001e-01	17360
962	9.500000000000001e-01	18660
963	9.500000000000001e-01	18240
964	9.500000000000001e-01	18220
965	9.500000000000001e-01	17100
966	9.500000000000001e-01	17220
967	9.500000000000001e-01	17860
968	9.500000000000001e-01	16500
969	9.500000000000001e-01	16400
970	9.500000000000001e-01	16300
971	9.500000000000001e-01	17540
972	9.500000000000001e-01	16740
973	9.500000000000001e-01	17260
974	9.500000000000001e-01	17560
975	9.500000000000001e-01	16720
976	9.500000000000001e-01	16480
977	9.500000000000001e-01	16500
978	9.500000000000001e-01	17420
979	9.500000000000001e-01	14740
980	9.500000000000001e-01	16300
981	9.500000000000001e-01	16940
982	9.500000000000001e-01	16240
983	9.500000000000001e-01	17320
984	9.500000000000001e-01	15800
985	9.500000000000001e-01	17600
986	9.500000000000001e-01	15820
987	9.500000000000001e-01	16540
988	9.500000000000001e-01	16900
989	9.500000000000001e-01	16700
990	9.500000000000001e-01	16240
991	9.500000000000001e-01	16220
992	9.500000000000001e-01	17760
993	9.500000000000001e-01	16760
994	9.500000000000001e-01	15880
995	9.500000000000001e-01	16580
996	9.500000000000001e-01	16520
997	9.500000000000001e-01	15720
998	9.500000000000001e-01	17360
999	9.500000000000001e-01	16640
1000	9.500000000000001e-01	16520


Tempo gasto: 38.096600
