Método usado: ANTCOLONY OPTIMIZATION

POSIÇÃO	ÁREA(mm²)	CUSTO

1	1.000000000000000e+00	17180
2	1.000000000000000e+00	17500
3	1.000000000000000e+00	16600
4	1.000000000000000e+00	19060
5	1.000000000000000e+00	16940
6	1.000000000000000e+00	17260
7	1.000000000000000e+00	16700
8	1.000000000000000e+00	16460
9	1.000000000000000e+00	19600
10	1.000000000000000e+00	17120
11	1.000000000000000e+00	17300
12	1.000000000000000e+00	16380
13	1.000000000000000e+00	16380
14	1.000000000000000e+00	16160
15	1.000000000000000e+00	17560
16	1.000000000000000e+00	16580
17	1.000000000000000e+00	17560
18	1.000000000000000e+00	16760
19	1.000000000000000e+00	16800
20	1.000000000000000e+00	16820
21	1.000000000000000e+00	16940
22	1.000000000000000e+00	16720
23	1.000000000000000e+00	16520
24	1.000000000000000e+00	15980
25	1.000000000000000e+00	17820
26	1.000000000000000e+00	18100
27	1.000000000000000e+00	16740
28	1.000000000000000e+00	18520
29	1.000000000000000e+00	17220
30	1.000000000000000e+00	16840
31	1.000000000000000e+00	16440
32	1.000000000000000e+00	18460
33	1.000000000000000e+00	17760
34	1.000000000000000e+00	17420
35	1.000000000000000e+00	16380
36	1.000000000000000e+00	16800
37	1.000000000000000e+00	17580
38	1.000000000000000e+00	16520
39	1.000000000000000e+00	17020
40	1.000000000000000e+00	16700
41	1.000000000000000e+00	17500
42	1.000000000000000e+00	17440
43	1.000000000000000e+00	17260
44	1.000000000000000e+00	15660
45	1.000000000000000e+00	16980
46	1.000000000000000e+00	16960
47	1.000000000000000e+00	16440
48	1.000000000000000e+00	16580
49	1.000000000000000e+00	17580
50	1.000000000000000e+00	16600
51	1.000000000000000e+00	18000
52	1.000000000000000e+00	17500
53	1.000000000000000e+00	17300
54	1.000000000000000e+00	16800
55	1.000000000000000e+00	16980
56	1.000000000000000e+00	15800
57	1.000000000000000e+00	16300
58	1.000000000000000e+00	15840
59	1.000000000000000e+00	17600
60	1.000000000000000e+00	17620
61	1.000000000000000e+00	16900
62	1.000000000000000e+00	18500
63	1.000000000000000e+00	17240
64	1.000000000000000e+00	16040
65	1.000000000000000e+00	17580
66	1.000000000000000e+00	16460
67	1.000000000000000e+00	16280
68	1.000000000000000e+00	16660
69	1.000000000000000e+00	16840
70	1.000000000000000e+00	17720
71	1.000000000000000e+00	16600
72	1.000000000000000e+00	18040
73	1.000000000000000e+00	16540
74	1.000000000000000e+00	16900
75	1.000000000000000e+00	17480
76	1.000000000000000e+00	17340
77	1.000000000000000e+00	15660
78	1.000000000000000e+00	17040
79	1.000000000000000e+00	17240
80	1.000000000000000e+00	16620
81	1.000000000000000e+00	17120
82	1.000000000000000e+00	16520
83	1.000000000000000e+00	18360
84	1.000000000000000e+00	18060
85	1.000000000000000e+00	17280
86	1.000000000000000e+00	17260
87	1.000000000000000e+00	18080
88	1.000000000000000e+00	17900
89	1.000000000000000e+00	16860
90	1.000000000000000e+00	16380
91	1.000000000000000e+00	17980
92	1.000000000000000e+00	17560
93	1.000000000000000e+00	17180
94	1.000000000000000e+00	16660
95	1.000000000000000e+00	17020
96	1.000000000000000e+00	16140
97	1.000000000000000e+00	18220
98	1.000000000000000e+00	16380
99	1.000000000000000e+00	17160
100	1.000000000000000e+00	17000
101	1.000000000000000e+00	17140
102	1.000000000000000e+00	16860
103	1.000000000000000e+00	17820
104	1.000000000000000e+00	17220
105	1.000000000000000e+00	16880
106	1.000000000000000e+00	17240
107	1.000000000000000e+00	18060
108	1.000000000000000e+00	17040
109	1.000000000000000e+00	18240
110	1.000000000000000e+00	16620
111	1.000000000000000e+00	16900
112	1.000000000000000e+00	16640
113	1.000000000000000e+00	17640
114	1.000000000000000e+00	16520
115	1.000000000000000e+00	17080
116	1.000000000000000e+00	15920
117	1.000000000000000e+00	16840
118	1.000000000000000e+00	17640
119	1.000000000000000e+00	16700
120	1.000000000000000e+00	17160
121	1.000000000000000e+00	15880
122	1.000000000000000e+00	18160
123	1.000000000000000e+00	17700
124	1.000000000000000e+00	17600
125	1.000000000000000e+00	17720
126	1.000000000000000e+00	18340
127	1.000000000000000e+00	16660
128	1.000000000000000e+00	17180
129	1.000000000000000e+00	17540
130	1.000000000000000e+00	17000
131	1.000000000000000e+00	18160
132	1.000000000000000e+00	16920
133	1.000000000000000e+00	17500
134	1.000000000000000e+00	16580
135	1.000000000000000e+00	16920
136	1.000000000000000e+00	15900
137	1.000000000000000e+00	17040
138	1.000000000000000e+00	16380
139	1.000000000000000e+00	16740
140	1.000000000000000e+00	16140
141	1.000000000000000e+00	16620
142	1.000000000000000e+00	17000
143	1.000000000000000e+00	17300
144	1.000000000000000e+00	18520
145	1.000000000000000e+00	17800
146	1.000000000000000e+00	16080
147	1.000000000000000e+00	16980
148	1.000000000000000e+00	16400
149	1.000000000000000e+00	18140
150	1.000000000000000e+00	16180
151	1.000000000000000e+00	17240
152	1.000000000000000e+00	17480
153	1.000000000000000e+00	18260
154	1.000000000000000e+00	16840
155	1.000000000000000e+00	16700
156	1.000000000000000e+00	16900
157	1.000000000000000e+00	16860
158	1.000000000000000e+00	18280
159	1.000000000000000e+00	16840
160	1.000000000000000e+00	17200
161	1.000000000000000e+00	17100
162	1.000000000000000e+00	17400
163	1.000000000000000e+00	17420
164	1.000000000000000e+00	17320
165	1.000000000000000e+00	16400
166	1.000000000000000e+00	15880
167	1.000000000000000e+00	17400
168	1.000000000000000e+00	17460
169	1.000000000000000e+00	18000
170	1.000000000000000e+00	16960
171	1.000000000000000e+00	16820
172	1.000000000000000e+00	18580
173	1.000000000000000e+00	16880
174	1.000000000000000e+00	16460
175	1.000000000000000e+00	17720
176	1.000000000000000e+00	16900
177	1.000000000000000e+00	16820
178	1.000000000000000e+00	17120
179	1.000000000000000e+00	17560
180	1.000000000000000e+00	16600
181	1.000000000000000e+00	16300
182	1.000000000000000e+00	16640
183	1.000000000000000e+00	16680
184	1.000000000000000e+00	16580
185	1.000000000000000e+00	17000
186	1.000000000000000e+00	17500
187	1.000000000000000e+00	17900
188	1.000000000000000e+00	17840
189	1.000000000000000e+00	17460
190	1.000000000000000e+00	16960
191	1.000000000000000e+00	16480
192	1.000000000000000e+00	17460
193	1.000000000000000e+00	16700
194	1.000000000000000e+00	16460
195	1.000000000000000e+00	17980
196	1.000000000000000e+00	17020
197	1.000000000000000e+00	17680
198	1.000000000000000e+00	16080
199	1.000000000000000e+00	17880
200	1.000000000000000e+00	17460
201	1.000000000000000e+00	18180
202	1.000000000000000e+00	16940
203	1.000000000000000e+00	17140
204	1.000000000000000e+00	17580
205	1.000000000000000e+00	16360
206	1.000000000000000e+00	16840
207	1.000000000000000e+00	18260
208	1.000000000000000e+00	17900
209	1.000000000000000e+00	17960
210	1.000000000000000e+00	18400
211	1.000000000000000e+00	17540
212	1.000000000000000e+00	17620
213	1.000000000000000e+00	16480
214	1.000000000000000e+00	18120
215	1.000000000000000e+00	16840
216	1.000000000000000e+00	17780
217	1.000000000000000e+00	16780
218	1.000000000000000e+00	17760
219	1.000000000000000e+00	17060
220	1.000000000000000e+00	18640
221	1.000000000000000e+00	17900
222	1.000000000000000e+00	17180
223	1.000000000000000e+00	17200
224	1.000000000000000e+00	17380
225	1.000000000000000e+00	17040
226	1.000000000000000e+00	17100
227	1.000000000000000e+00	16600
228	1.000000000000000e+00	18160
229	1.000000000000000e+00	16780
230	1.000000000000000e+00	17600
231	1.000000000000000e+00	17540
232	1.000000000000000e+00	18680
233	1.000000000000000e+00	17560
234	1.000000000000000e+00	16940
235	1.000000000000000e+00	16180
236	1.000000000000000e+00	18140
237	1.000000000000000e+00	16880
238	1.000000000000000e+00	17600
239	1.000000000000000e+00	17300
240	1.000000000000000e+00	16000
241	1.000000000000000e+00	16080
242	1.000000000000000e+00	16920
243	1.000000000000000e+00	18680
244	1.000000000000000e+00	16140
245	1.000000000000000e+00	17220
246	1.000000000000000e+00	18580
247	1.000000000000000e+00	16880
248	1.000000000000000e+00	17240
249	1.000000000000000e+00	15940
250	1.000000000000000e+00	17140
251	1.000000000000000e+00	17600
252	1.000000000000000e+00	17640
253	1.000000000000000e+00	16280
254	1.000000000000000e+00	17040
255	1.000000000000000e+00	16660
256	1.000000000000000e+00	17760
257	1.000000000000000e+00	16360
258	1.000000000000000e+00	18260
259	1.000000000000000e+00	18700
260	1.000000000000000e+00	16560
261	1.000000000000000e+00	16520
262	1.000000000000000e+00	16000
263	1.000000000000000e+00	17680
264	1.000000000000000e+00	16400
265	1.000000000000000e+00	16960
266	1.000000000000000e+00	17240
267	1.000000000000000e+00	16780
268	1.000000000000000e+00	17420
269	1.000000000000000e+00	16820
270	1.000000000000000e+00	17640
271	1.000000000000000e+00	17020
272	1.000000000000000e+00	17000
273	1.000000000000000e+00	16260
274	1.000000000000000e+00	17380
275	1.000000000000000e+00	15880
276	1.000000000000000e+00	18300
277	1.000000000000000e+00	16060
278	1.000000000000000e+00	17480
279	1.000000000000000e+00	15760
280	1.000000000000000e+00	17360
281	1.000000000000000e+00	17560
282	1.000000000000000e+00	17220
283	1.000000000000000e+00	16980
284	1.000000000000000e+00	16960
285	1.000000000000000e+00	18260
286	1.000000000000000e+00	17440
287	1.000000000000000e+00	17060
288	1.000000000000000e+00	17840
289	1.000000000000000e+00	18440
290	1.000000000000000e+00	18740
291	1.000000000000000e+00	16260
292	1.000000000000000e+00	17900
293	1.000000000000000e+00	17240
294	1.000000000000000e+00	17000
295	1.000000000000000e+00	16760
296	1.000000000000000e+00	16480
297	1.000000000000000e+00	17780
298	1.000000000000000e+00	16060
299	1.000000000000000e+00	17400
300	1.000000000000000e+00	17460
301	1.000000000000000e+00	18140
302	1.000000000000000e+00	16280
303	1.000000000000000e+00	18060
304	1.000000000000000e+00	16420
305	1.000000000000000e+00	17000
306	1.000000000000000e+00	17320
307	1.000000000000000e+00	15780
308	1.000000000000000e+00	17680
309	1.000000000000000e+00	16640
310	1.000000000000000e+00	17460
311	1.000000000000000e+00	17940
312	1.000000000000000e+00	16800
313	1.000000000000000e+00	18020
314	1.000000000000000e+00	17780
315	1.000000000000000e+00	17400
316	1.000000000000000e+00	15860
317	1.000000000000000e+00	16320
318	1.000000000000000e+00	17340
319	1.000000000000000e+00	16680
320	1.000000000000000e+00	18220
321	1.000000000000000e+00	18360
322	1.000000000000000e+00	17400
323	1.000000000000000e+00	17260
324	1.000000000000000e+00	18280
325	1.000000000000000e+00	16160
326	1.000000000000000e+00	17160
327	1.000000000000000e+00	18320
328	1.000000000000000e+00	16380
329	1.000000000000000e+00	16340
330	1.000000000000000e+00	18740
331	1.000000000000000e+00	15820
332	1.000000000000000e+00	15800
333	1.000000000000000e+00	18120
334	1.000000000000000e+00	16840
335	1.000000000000000e+00	15840
336	1.000000000000000e+00	17180
337	1.000000000000000e+00	16940
338	1.000000000000000e+00	17620
339	1.000000000000000e+00	16520
340	1.000000000000000e+00	17060
341	1.000000000000000e+00	17980
342	1.000000000000000e+00	16920
343	1.000000000000000e+00	17820
344	1.000000000000000e+00	17520
345	1.000000000000000e+00	16900
346	1.000000000000000e+00	16900
347	1.000000000000000e+00	17280
348	1.000000000000000e+00	17880
349	1.000000000000000e+00	17040
350	1.000000000000000e+00	17700
351	1.000000000000000e+00	17760
352	1.000000000000000e+00	18920
353	1.000000000000000e+00	17020
354	1.000000000000000e+00	17040
355	1.000000000000000e+00	17460
356	1.000000000000000e+00	15860
357	1.000000000000000e+00	17120
358	1.000000000000000e+00	17200
359	1.000000000000000e+00	17640
360	1.000000000000000e+00	16560
361	1.000000000000000e+00	17300
362	1.000000000000000e+00	17520
363	1.000000000000000e+00	17680
364	1.000000000000000e+00	17400
365	1.000000000000000e+00	16140
366	1.000000000000000e+00	18000
367	1.000000000000000e+00	17220
368	1.000000000000000e+00	16680
369	1.000000000000000e+00	17340
370	1.000000000000000e+00	16780
371	1.000000000000000e+00	17100
372	1.000000000000000e+00	17460
373	1.000000000000000e+00	16860
374	1.000000000000000e+00	17220
375	1.000000000000000e+00	17300
376	1.000000000000000e+00	16540
377	1.000000000000000e+00	18420
378	1.000000000000000e+00	18000
379	1.000000000000000e+00	16620
380	1.000000000000000e+00	17480
381	1.000000000000000e+00	16920
382	1.000000000000000e+00	17700
383	1.000000000000000e+00	16440
384	1.000000000000000e+00	17620
385	1.000000000000000e+00	17700
386	1.000000000000000e+00	18200
387	1.000000000000000e+00	16720
388	1.000000000000000e+00	18180
389	1.000000000000000e+00	17760
390	1.000000000000000e+00	17140
391	1.000000000000000e+00	16520
392	1.000000000000000e+00	17380
393	1.000000000000000e+00	17620
394	1.000000000000000e+00	17120
395	1.000000000000000e+00	17520
396	1.000000000000000e+00	16900
397	1.000000000000000e+00	15880
398	1.000000000000000e+00	17620
399	1.000000000000000e+00	16760
400	1.000000000000000e+00	18100
401	1.000000000000000e+00	16600
402	1.000000000000000e+00	17880
403	1.000000000000000e+00	16960
404	1.000000000000000e+00	17240
405	1.000000000000000e+00	17980
406	1.000000000000000e+00	17020
407	1.000000000000000e+00	17960
408	1.000000000000000e+00	17900
409	1.000000000000000e+00	17000
410	1.000000000000000e+00	17780
411	1.000000000000000e+00	16760
412	1.000000000000000e+00	16840
413	1.000000000000000e+00	17460
414	1.000000000000000e+00	16040
415	1.000000000000000e+00	16940
416	1.000000000000000e+00	16160
417	1.000000000000000e+00	16140
418	1.000000000000000e+00	17040
419	1.000000000000000e+00	16560
420	1.000000000000000e+00	17960
421	1.000000000000000e+00	15960
422	1.000000000000000e+00	17480
423	1.000000000000000e+00	17200
424	1.000000000000000e+00	18660
425	1.000000000000000e+00	17440
426	1.000000000000000e+00	16440
427	1.000000000000000e+00	17200
428	1.000000000000000e+00	17380
429	1.000000000000000e+00	18500
430	1.000000000000000e+00	19440
431	1.000000000000000e+00	18740
432	1.000000000000000e+00	18600
433	1.000000000000000e+00	16400
434	1.000000000000000e+00	17260
435	1.000000000000000e+00	17160
436	1.000000000000000e+00	17340
437	1.000000000000000e+00	17800
438	1.000000000000000e+00	17500
439	1.000000000000000e+00	17940
440	1.000000000000000e+00	17160
441	1.000000000000000e+00	18440
442	1.000000000000000e+00	17380
443	1.000000000000000e+00	16980
444	1.000000000000000e+00	15940
445	1.000000000000000e+00	16400
446	1.000000000000000e+00	17140
447	1.000000000000000e+00	16780
448	1.000000000000000e+00	17560
449	1.000000000000000e+00	16500
450	1.000000000000000e+00	17180
451	1.000000000000000e+00	17040
452	1.000000000000000e+00	17680
453	1.000000000000000e+00	17820
454	1.000000000000000e+00	17700
455	1.000000000000000e+00	16680
456	1.000000000000000e+00	17140
457	1.000000000000000e+00	16960
458	1.000000000000000e+00	16660
459	1.000000000000000e+00	17100
460	1.000000000000000e+00	16420
461	1.000000000000000e+00	17400
462	1.000000000000000e+00	17740
463	1.000000000000000e+00	17280
464	1.000000000000000e+00	17040
465	1.000000000000000e+00	16820
466	1.000000000000000e+00	16740
467	1.000000000000000e+00	17820
468	1.000000000000000e+00	17300
469	1.000000000000000e+00	16740
470	1.000000000000000e+00	17140
471	1.000000000000000e+00	16440
472	1.000000000000000e+00	17580
473	1.000000000000000e+00	17420
474	1.000000000000000e+00	16600
475	1.000000000000000e+00	17860
476	1.000000000000000e+00	15840
477	1.000000000000000e+00	17900
478	1.000000000000000e+00	17360
479	1.000000000000000e+00	17020
480	1.000000000000000e+00	16380
481	1.000000000000000e+00	17300
482	1.000000000000000e+00	17080
483	1.000000000000000e+00	17300
484	1.000000000000000e+00	16240
485	1.000000000000000e+00	17380
486	1.000000000000000e+00	16300
487	1.000000000000000e+00	17500
488	1.000000000000000e+00	16980
489	1.000000000000000e+00	17920
490	1.000000000000000e+00	17900
491	9.500000000000001e-01	38120
492	9.000000000000000e-01	38280
493	8.500000000000001e-01	142500
494	8.000000000000000e-01	142500
495	7.500000000000000e-01	37820
496	7.000000000000001e-01	37360
497	6.500000000000000e-01	38380
498	6.000000000000001e-01	37680
499	5.500000000000000e-01	37820
500	5.000000000000000e-01	37560
501	5.500000000000000e-01	37680
502	6.000000000000001e-01	38000
503	6.500000000000000e-01	38380
504	7.000000000000001e-01	37640
505	7.500000000000000e-01	37900
506	8.000000000000000e-01	37980
507	8.500000000000001e-01	39700
508	9.000000000000000e-01	36940
509	9.500000000000001e-01	37820
510	9.000000000000000e-01	38520
511	8.500000000000001e-01	37600
512	8.000000000000000e-01	37840
513	7.500000000000000e-01	37720
514	8.000000000000000e-01	38520
515	8.500000000000001e-01	38000
516	9.000000000000000e-01	38360
517	9.500000000000001e-01	36860
518	1.000000000000000e+00	37760
519	1.000000000000000e+00	38880
520	1.000000000000000e+00	37980
521	1.000000000000000e+00	37780
522	1.000000000000000e+00	39380
523	1.000000000000000e+00	38020
524	1.000000000000000e+00	38700
525	1.000000000000000e+00	37740
526	1.000000000000000e+00	38500
527	1.000000000000000e+00	39280
528	1.000000000000000e+00	37900
529	1.000000000000000e+00	19760
530	1.000000000000000e+00	38180
531	1.000000000000000e+00	37180
532	1.000000000000000e+00	20520
533	1.000000000000000e+00	21860
534	1.000000000000000e+00	18800
535	1.000000000000000e+00	37320
536	1.000000000000000e+00	20980
537	1.000000000000000e+00	39680
538	1.000000000000000e+00	37880
539	1.000000000000000e+00	39580
540	1.000000000000000e+00	39380
541	1.000000000000000e+00	38760
542	1.000000000000000e+00	21600
543	1.000000000000000e+00	38980
544	1.000000000000000e+00	22880
545	1.000000000000000e+00	22380
546	1.000000000000000e+00	20540
547	1.000000000000000e+00	20340
548	1.000000000000000e+00	20320
549	1.000000000000000e+00	21180
550	1.000000000000000e+00	19720
551	1.000000000000000e+00	18600
552	1.000000000000000e+00	19640
553	1.000000000000000e+00	20580
554	1.000000000000000e+00	19980
555	1.000000000000000e+00	20980
556	1.000000000000000e+00	20200
557	1.000000000000000e+00	21280
558	1.000000000000000e+00	19900
559	1.000000000000000e+00	19500
560	1.000000000000000e+00	22100
561	1.000000000000000e+00	19680
562	1.000000000000000e+00	20360
563	1.000000000000000e+00	18120
564	1.000000000000000e+00	19760
565	1.000000000000000e+00	19520
566	1.000000000000000e+00	18140
567	1.000000000000000e+00	19540
568	1.000000000000000e+00	19500
569	1.000000000000000e+00	20180
570	1.000000000000000e+00	19300
571	1.000000000000000e+00	20080
572	1.000000000000000e+00	20280
573	1.000000000000000e+00	20160
574	1.000000000000000e+00	21200
575	1.000000000000000e+00	19780
576	1.000000000000000e+00	20820
577	1.000000000000000e+00	19320
578	1.000000000000000e+00	20960
579	1.000000000000000e+00	20720
580	1.000000000000000e+00	19760
581	1.000000000000000e+00	21720
582	1.000000000000000e+00	19420
583	1.000000000000000e+00	19860
584	1.000000000000000e+00	18820
585	1.000000000000000e+00	20220
586	1.000000000000000e+00	21840
587	1.000000000000000e+00	21500
588	1.000000000000000e+00	21680
589	1.000000000000000e+00	20580
590	1.000000000000000e+00	20640
591	1.000000000000000e+00	22560
592	1.000000000000000e+00	20660
593	1.000000000000000e+00	22260
594	1.000000000000000e+00	21440
595	1.000000000000000e+00	19880
596	1.000000000000000e+00	21780
597	1.000000000000000e+00	20860
598	1.000000000000000e+00	21300
599	1.000000000000000e+00	20360
600	1.000000000000000e+00	20240
601	1.000000000000000e+00	21680
602	1.000000000000000e+00	18160
603	1.000000000000000e+00	22100
604	1.000000000000000e+00	19860
605	1.000000000000000e+00	19660
606	1.000000000000000e+00	19920
607	1.000000000000000e+00	20400
608	1.000000000000000e+00	20580
609	1.000000000000000e+00	20180
610	1.000000000000000e+00	19380
611	1.000000000000000e+00	20820
612	1.000000000000000e+00	21800
613	1.000000000000000e+00	21160
614	1.000000000000000e+00	20180
615	1.000000000000000e+00	20720
616	1.000000000000000e+00	20220
617	1.000000000000000e+00	20940
618	1.000000000000000e+00	20340
619	1.000000000000000e+00	21160
620	1.000000000000000e+00	19200
621	1.000000000000000e+00	19640
622	1.000000000000000e+00	21600
623	1.000000000000000e+00	19860
624	1.000000000000000e+00	20040
625	1.000000000000000e+00	19880
626	1.000000000000000e+00	20980
627	1.000000000000000e+00	19820
628	1.000000000000000e+00	19080
629	1.000000000000000e+00	19700
630	1.000000000000000e+00	20000
631	1.000000000000000e+00	20960
632	1.000000000000000e+00	19780
633	1.000000000000000e+00	21580
634	1.000000000000000e+00	19520
635	1.000000000000000e+00	20900
636	1.000000000000000e+00	20620
637	1.000000000000000e+00	20940
638	1.000000000000000e+00	18600
639	1.000000000000000e+00	19720
640	1.000000000000000e+00	19240
641	1.000000000000000e+00	18740
642	1.000000000000000e+00	19600
643	1.000000000000000e+00	21100
644	1.000000000000000e+00	20080
645	1.000000000000000e+00	19360
646	1.000000000000000e+00	19720
647	1.000000000000000e+00	19240
648	1.000000000000000e+00	19400
649	1.000000000000000e+00	19420
650	1.000000000000000e+00	20660
651	1.000000000000000e+00	20480
652	1.000000000000000e+00	19580
653	1.000000000000000e+00	19800
654	1.000000000000000e+00	19160
655	1.000000000000000e+00	18740
656	1.000000000000000e+00	17920
657	1.000000000000000e+00	19140
658	1.000000000000000e+00	19520
659	1.000000000000000e+00	20040
660	1.000000000000000e+00	20100
661	1.000000000000000e+00	20380
662	1.000000000000000e+00	19520
663	1.000000000000000e+00	19860
664	1.000000000000000e+00	20160
665	1.000000000000000e+00	20180
666	1.000000000000000e+00	20940
667	1.000000000000000e+00	21280
668	1.000000000000000e+00	19880
669	1.000000000000000e+00	20780
670	1.000000000000000e+00	19420
671	1.000000000000000e+00	21240
672	1.000000000000000e+00	20440
673	1.000000000000000e+00	20140
674	1.000000000000000e+00	19720
675	1.000000000000000e+00	21160
676	1.000000000000000e+00	20440
677	1.000000000000000e+00	21760
678	1.000000000000000e+00	20280
679	1.000000000000000e+00	19720
680	1.000000000000000e+00	19520
681	1.000000000000000e+00	22660
682	1.000000000000000e+00	19940
683	1.000000000000000e+00	19700
684	1.000000000000000e+00	19760
685	1.000000000000000e+00	19780
686	1.000000000000000e+00	19160
687	1.000000000000000e+00	19840
688	1.000000000000000e+00	20820
689	1.000000000000000e+00	21080
690	1.000000000000000e+00	20560
691	1.000000000000000e+00	20620
692	1.000000000000000e+00	20760
693	1.000000000000000e+00	19700
694	1.000000000000000e+00	19560
695	1.000000000000000e+00	21080
696	1.000000000000000e+00	21100
697	1.000000000000000e+00	21420
698	1.000000000000000e+00	21660
699	1.000000000000000e+00	21840
700	1.000000000000000e+00	21720
701	1.000000000000000e+00	20120
702	1.000000000000000e+00	20420
703	1.000000000000000e+00	20740
704	1.000000000000000e+00	21280
705	1.000000000000000e+00	20340
706	1.000000000000000e+00	19580
707	1.000000000000000e+00	20300
708	1.000000000000000e+00	19140
709	1.000000000000000e+00	18980
710	1.000000000000000e+00	20700
711	1.000000000000000e+00	20380
712	1.000000000000000e+00	20780
713	1.000000000000000e+00	20440
714	1.000000000000000e+00	21180
715	1.000000000000000e+00	20780
716	1.000000000000000e+00	21980
717	1.000000000000000e+00	21260
718	1.000000000000000e+00	20960
719	1.000000000000000e+00	20800
720	1.000000000000000e+00	21040
721	1.000000000000000e+00	20280
722	1.000000000000000e+00	20240
723	1.000000000000000e+00	21380
724	1.000000000000000e+00	19780
725	1.000000000000000e+00	21360
726	1.000000000000000e+00	21520
727	1.000000000000000e+00	21100
728	1.000000000000000e+00	19620
729	1.000000000000000e+00	19840
730	1.000000000000000e+00	21820
731	1.000000000000000e+00	19940
732	1.000000000000000e+00	21400
733	1.000000000000000e+00	21500
734	1.000000000000000e+00	22360
735	1.000000000000000e+00	20480
736	1.000000000000000e+00	21620
737	1.000000000000000e+00	20920
738	1.000000000000000e+00	20800
739	1.000000000000000e+00	22300
740	1.000000000000000e+00	21140
741	1.000000000000000e+00	20880
742	1.000000000000000e+00	20640
743	1.000000000000000e+00	20520
744	1.000000000000000e+00	20520
745	1.000000000000000e+00	19900
746	1.000000000000000e+00	19900
747	1.000000000000000e+00	20700
748	1.000000000000000e+00	20540
749	1.000000000000000e+00	19200
750	1.000000000000000e+00	20120
751	1.000000000000000e+00	19940
752	1.000000000000000e+00	19320
753	1.000000000000000e+00	19540
754	1.000000000000000e+00	19980
755	1.000000000000000e+00	21060
756	1.000000000000000e+00	21380
757	1.000000000000000e+00	21540
758	1.000000000000000e+00	20720
759	1.000000000000000e+00	20140
760	1.000000000000000e+00	20820
761	1.000000000000000e+00	21860
762	1.000000000000000e+00	19360
763	1.000000000000000e+00	22020
764	1.000000000000000e+00	20240
765	1.000000000000000e+00	20660
766	1.000000000000000e+00	20020
767	1.000000000000000e+00	21500
768	1.000000000000000e+00	20340
769	1.000000000000000e+00	20000
770	1.000000000000000e+00	19980
771	1.000000000000000e+00	19440
772	1.000000000000000e+00	20880
773	1.000000000000000e+00	19940
774	1.000000000000000e+00	21840
775	1.000000000000000e+00	21300
776	1.000000000000000e+00	21540
777	1.000000000000000e+00	21860
778	1.000000000000000e+00	20560
779	1.000000000000000e+00	22020
780	1.000000000000000e+00	22240
781	1.000000000000000e+00	19840
782	1.000000000000000e+00	22160
783	1.000000000000000e+00	22060
784	1.000000000000000e+00	21620
785	1.000000000000000e+00	20780
786	1.000000000000000e+00	21920
787	1.000000000000000e+00	21020
788	1.000000000000000e+00	21760
789	1.000000000000000e+00	22160
790	1.000000000000000e+00	21080
791	1.000000000000000e+00	20420
792	1.000000000000000e+00	20580
793	1.000000000000000e+00	20600
794	1.000000000000000e+00	22420
795	1.000000000000000e+00	21780
796	1.000000000000000e+00	20660
797	1.000000000000000e+00	21660
798	1.000000000000000e+00	21680
799	1.000000000000000e+00	21180
800	1.000000000000000e+00	22820
801	1.000000000000000e+00	20900
802	1.000000000000000e+00	21980
803	1.000000000000000e+00	22260
804	1.000000000000000e+00	21780
805	1.000000000000000e+00	22620
806	1.000000000000000e+00	22580
807	1.000000000000000e+00	21080
808	1.000000000000000e+00	21580
809	1.000000000000000e+00	20780
810	1.000000000000000e+00	22080
811	1.000000000000000e+00	21640
812	1.000000000000000e+00	22620
813	1.000000000000000e+00	22120
814	1.000000000000000e+00	21500
815	1.000000000000000e+00	22540
816	1.000000000000000e+00	20660
817	1.000000000000000e+00	21420
818	1.000000000000000e+00	20540
819	1.000000000000000e+00	20120
820	1.000000000000000e+00	23280
821	1.000000000000000e+00	22600
822	1.000000000000000e+00	21580
823	1.000000000000000e+00	21880
824	1.000000000000000e+00	21240
825	1.000000000000000e+00	21220
826	1.000000000000000e+00	21140
827	1.000000000000000e+00	22400
828	1.000000000000000e+00	22280
829	1.000000000000000e+00	23000
830	1.000000000000000e+00	22380
831	1.000000000000000e+00	22880
832	1.000000000000000e+00	21360
833	1.000000000000000e+00	22240
834	1.000000000000000e+00	21940
835	1.000000000000000e+00	23400
836	1.000000000000000e+00	20380
837	1.000000000000000e+00	22200
838	1.000000000000000e+00	21160
839	1.000000000000000e+00	22160
840	1.000000000000000e+00	20820
841	1.000000000000000e+00	20520
842	1.000000000000000e+00	19880
843	1.000000000000000e+00	19500
844	1.000000000000000e+00	22160
845	1.000000000000000e+00	21000
846	1.000000000000000e+00	21020
847	1.000000000000000e+00	20860
848	1.000000000000000e+00	20580
849	1.000000000000000e+00	18860
850	1.000000000000000e+00	18860
851	1.000000000000000e+00	19720
852	1.000000000000000e+00	19860
853	1.000000000000000e+00	19520
854	1.000000000000000e+00	20640
855	1.000000000000000e+00	19120
856	1.000000000000000e+00	20640
857	1.000000000000000e+00	21500
858	1.000000000000000e+00	21960
859	1.000000000000000e+00	20860
860	1.000000000000000e+00	21880
861	1.000000000000000e+00	19940
862	1.000000000000000e+00	21420
863	1.000000000000000e+00	20380
864	1.000000000000000e+00	20380
865	1.000000000000000e+00	20080
866	1.000000000000000e+00	20860
867	1.000000000000000e+00	21220
868	1.000000000000000e+00	20940
869	1.000000000000000e+00	19980
870	1.000000000000000e+00	20460
871	1.000000000000000e+00	20440
872	1.000000000000000e+00	20220
873	1.000000000000000e+00	21340
874	1.000000000000000e+00	20780
875	1.000000000000000e+00	19940
876	1.000000000000000e+00	21060
877	1.000000000000000e+00	20100
878	1.000000000000000e+00	19980
879	1.000000000000000e+00	18660
880	1.000000000000000e+00	19120
881	1.000000000000000e+00	20360
882	1.000000000000000e+00	20860
883	1.000000000000000e+00	19820
884	1.000000000000000e+00	20820
885	1.000000000000000e+00	20340
886	1.000000000000000e+00	21580
887	1.000000000000000e+00	20340
888	1.000000000000000e+00	20520
889	1.000000000000000e+00	21940
890	1.000000000000000e+00	21540
891	1.000000000000000e+00	21020
892	1.000000000000000e+00	21600
893	1.000000000000000e+00	20220
894	1.000000000000000e+00	20960
895	1.000000000000000e+00	21000
896	1.000000000000000e+00	19180
897	1.000000000000000e+00	19980
898	1.000000000000000e+00	19940
899	1.000000000000000e+00	20700
900	1.000000000000000e+00	21100
901	1.000000000000000e+00	20880
902	1.000000000000000e+00	20260
903	1.000000000000000e+00	20940
904	1.000000000000000e+00	22700
905	1.000000000000000e+00	21700
906	1.000000000000000e+00	21020
907	1.000000000000000e+00	20380
908	1.000000000000000e+00	20900
909	1.000000000000000e+00	21140
910	1.000000000000000e+00	21520
911	1.000000000000000e+00	22040
912	1.000000000000000e+00	21120
913	1.000000000000000e+00	21280
914	1.000000000000000e+00	21360
915	1.000000000000000e+00	20420
916	1.000000000000000e+00	22040
917	1.000000000000000e+00	21540
918	1.000000000000000e+00	20720
919	1.000000000000000e+00	21380
920	1.000000000000000e+00	20660
921	1.000000000000000e+00	20580
922	1.000000000000000e+00	21860
923	1.000000000000000e+00	21200
924	1.000000000000000e+00	20760
925	1.000000000000000e+00	20980
926	1.000000000000000e+00	20460
927	1.000000000000000e+00	20420
928	1.000000000000000e+00	21640
929	1.000000000000000e+00	20680
930	1.000000000000000e+00	20240
931	1.000000000000000e+00	21220
932	1.000000000000000e+00	21080
933	1.000000000000000e+00	20340
934	1.000000000000000e+00	20640
935	1.000000000000000e+00	20840
936	1.000000000000000e+00	20880
937	1.000000000000000e+00	20400
938	1.000000000000000e+00	19160
939	1.000000000000000e+00	20120
940	1.000000000000000e+00	20740
941	1.000000000000000e+00	21040
942	1.000000000000000e+00	20540
943	1.000000000000000e+00	19660
944	1.000000000000000e+00	21240
945	1.000000000000000e+00	20140
946	1.000000000000000e+00	21700
947	1.000000000000000e+00	20160
948	1.000000000000000e+00	21640
949	1.000000000000000e+00	21380
950	1.000000000000000e+00	22340
951	1.000000000000000e+00	21880
952	1.000000000000000e+00	22780
953	1.000000000000000e+00	22660
954	1.000000000000000e+00	21900
955	1.000000000000000e+00	21800
956	1.000000000000000e+00	21480
957	1.000000000000000e+00	23280
958	1.000000000000000e+00	20960
959	1.000000000000000e+00	21520
960	1.000000000000000e+00	22600
961	1.000000000000000e+00	21820
962	1.000000000000000e+00	22400
963	1.000000000000000e+00	22520
964	1.000000000000000e+00	22300
965	1.000000000000000e+00	20820
966	1.000000000000000e+00	22140
967	1.000000000000000e+00	21560
968	1.000000000000000e+00	20980
969	1.000000000000000e+00	20400
970	1.000000000000000e+00	20580
971	1.000000000000000e+00	21760
972	1.000000000000000e+00	21220
973	1.000000000000000e+00	20960
974	1.000000000000000e+00	21400
975	1.000000000000000e+00	21060
976	1.000000000000000e+00	20740
977	1.000000000000000e+00	20520
978	1.000000000000000e+00	22040
979	1.000000000000000e+00	18620
980	1.000000000000000e+00	21080
981	1.000000000000000e+00	21040
982	1.000000000000000e+00	20500
983	1.000000000000000e+00	22180
984	1.000000000000000e+00	20340
985	1.000000000000000e+00	22140
986	1.000000000000000e+00	20060
987	1.000000000000000e+00	20780
988	1.000000000000000e+00	20940
989	1.000000000000000e+00	20660
990	1.000000000000000e+00	20160
991	1.000000000000000e+00	20800
992	1.000000000000000e+00	21680
993	1.000000000000000e+00	21140
994	1.000000000000000e+00	20600
995	1.000000000000000e+00	20880
996	1.000000000000000e+00	20540
997	1.000000000000000e+00	21220
998	1.000000000000000e+00	21720
999	1.000000000000000e+00	21460
1000	1.000000000000000e+00	21020


Tempo gasto: 23.732116
