Método usado: ANTCOLONY OPTIMIZATION

POSIÇÃO	ÁREA(mm²)	CUSTO

1	1.000000000000000e+00	30700
2	1.000000000000000e+00	30760
3	1.000000000000000e+00	31740
4	1.000000000000000e+00	33760
5	1.000000000000000e+00	30900
6	1.000000000000000e+00	31720
7	1.000000000000000e+00	31580
8	1.000000000000000e+00	31160
9	1.000000000000000e+00	35300
10	1.000000000000000e+00	30600
11	1.000000000000000e+00	31520
12	1.000000000000000e+00	29900
13	1.000000000000000e+00	31000
14	1.000000000000000e+00	30220
15	1.000000000000000e+00	30700
16	1.000000000000000e+00	31040
17	1.000000000000000e+00	30620
18	1.000000000000000e+00	32040
19	1.000000000000000e+00	30680
20	1.000000000000000e+00	31640
21	1.000000000000000e+00	31160
22	1.000000000000000e+00	30820
23	1.000000000000000e+00	30780
24	1.000000000000000e+00	30200
25	1.000000000000000e+00	33240
26	1.000000000000000e+00	32260
27	1.000000000000000e+00	30500
28	1.000000000000000e+00	32200
29	1.000000000000000e+00	31520
30	1.000000000000000e+00	31060
31	1.000000000000000e+00	30680
32	1.000000000000000e+00	33140
33	1.000000000000000e+00	32220
34	1.000000000000000e+00	31040
35	1.000000000000000e+00	29600
36	1.000000000000000e+00	30520
37	1.000000000000000e+00	32300
38	1.000000000000000e+00	30200
39	1.000000000000000e+00	32100
40	1.000000000000000e+00	30160
41	1.000000000000000e+00	31280
42	1.000000000000000e+00	29760
43	1.000000000000000e+00	30980
44	1.000000000000000e+00	29240
45	1.000000000000000e+00	30980
46	1.000000000000000e+00	30700
47	1.000000000000000e+00	31300
48	1.000000000000000e+00	30600
49	1.000000000000000e+00	31660
50	1.000000000000000e+00	31820
51	1.000000000000000e+00	31020
52	1.000000000000000e+00	32500
53	1.000000000000000e+00	31540
54	1.000000000000000e+00	30980
55	1.000000000000000e+00	30940
56	1.000000000000000e+00	28820
57	1.000000000000000e+00	30280
58	1.000000000000000e+00	29520
59	1.000000000000000e+00	30960
60	1.000000000000000e+00	31680
61	1.000000000000000e+00	32480
62	1.000000000000000e+00	32180
63	1.000000000000000e+00	32060
64	1.000000000000000e+00	30180
65	1.000000000000000e+00	31540
66	1.000000000000000e+00	30640
67	1.000000000000000e+00	31260
68	1.000000000000000e+00	30460
69	1.000000000000000e+00	31000
70	1.000000000000000e+00	31720
71	1.000000000000000e+00	31100
72	1.000000000000000e+00	32460
73	1.000000000000000e+00	31360
74	1.000000000000000e+00	30280
75	1.000000000000000e+00	33080
76	1.000000000000000e+00	31800
77	1.000000000000000e+00	29640
78	1.000000000000000e+00	32780
79	1.000000000000000e+00	31420
80	1.000000000000000e+00	30440
81	1.000000000000000e+00	31180
82	1.000000000000000e+00	31420
83	1.000000000000000e+00	32000
84	1.000000000000000e+00	32420
85	1.000000000000000e+00	31060
86	1.000000000000000e+00	32460
87	1.000000000000000e+00	32600
88	1.000000000000000e+00	32720
89	1.000000000000000e+00	31480
90	1.000000000000000e+00	31040
91	1.000000000000000e+00	33140
92	1.000000000000000e+00	31340
93	1.000000000000000e+00	31740
94	1.000000000000000e+00	31240
95	1.000000000000000e+00	30580
96	1.000000000000000e+00	30720
97	1.000000000000000e+00	31640
98	1.000000000000000e+00	30680
99	1.000000000000000e+00	30980
100	1.000000000000000e+00	31740
101	1.000000000000000e+00	30900
102	1.000000000000000e+00	31560
103	1.000000000000000e+00	31940
104	1.000000000000000e+00	31340
105	1.000000000000000e+00	30980
106	1.000000000000000e+00	31400
107	1.000000000000000e+00	32260
108	1.000000000000000e+00	31680
109	1.000000000000000e+00	31680
110	1.000000000000000e+00	30860
111	1.000000000000000e+00	30400
112	1.000000000000000e+00	30400
113	1.000000000000000e+00	31180
114	1.000000000000000e+00	31540
115	1.000000000000000e+00	31840
116	1.000000000000000e+00	29900
117	1.000000000000000e+00	30900
118	1.000000000000000e+00	31640
119	1.000000000000000e+00	31640
120	1.000000000000000e+00	31320
121	1.000000000000000e+00	30380
122	1.000000000000000e+00	33180
123	1.000000000000000e+00	32080
124	1.000000000000000e+00	32100
125	1.000000000000000e+00	32460
126	1.000000000000000e+00	33040
127	1.000000000000000e+00	30220
128	1.000000000000000e+00	31060
129	1.000000000000000e+00	32080
130	1.000000000000000e+00	30280
131	1.000000000000000e+00	32400
132	1.000000000000000e+00	30560
133	1.000000000000000e+00	31220
134	1.000000000000000e+00	29500
135	1.000000000000000e+00	30980
136	1.000000000000000e+00	30540
137	1.000000000000000e+00	31160
138	1.000000000000000e+00	30280
139	1.000000000000000e+00	30800
140	1.000000000000000e+00	31520
141	1.000000000000000e+00	30780
142	1.000000000000000e+00	30700
143	1.000000000000000e+00	31720
144	1.000000000000000e+00	32960
145	1.000000000000000e+00	32260
146	1.000000000000000e+00	30120
147	1.000000000000000e+00	31280
148	1.000000000000000e+00	29740
149	1.000000000000000e+00	32540
150	1.000000000000000e+00	29800
151	1.000000000000000e+00	32240
152	1.000000000000000e+00	31780
153	1.000000000000000e+00	32520
154	1.000000000000000e+00	31560
155	1.000000000000000e+00	30420
156	1.000000000000000e+00	31620
157	1.000000000000000e+00	32060
158	1.000000000000000e+00	33160
159	1.000000000000000e+00	31600
160	1.000000000000000e+00	31340
161	1.000000000000000e+00	31320
162	1.000000000000000e+00	32180
163	1.000000000000000e+00	31200
164	1.000000000000000e+00	32880
165	1.000000000000000e+00	30800
166	1.000000000000000e+00	30080
167	1.000000000000000e+00	31880
168	1.000000000000000e+00	32500
169	1.000000000000000e+00	32540
170	1.000000000000000e+00	30660
171	1.000000000000000e+00	31800
172	1.000000000000000e+00	31760
173	1.000000000000000e+00	31700
174	1.000000000000000e+00	31140
175	1.000000000000000e+00	33040
176	1.000000000000000e+00	31220
177	1.000000000000000e+00	32240
178	1.000000000000000e+00	31160
179	1.000000000000000e+00	31780
180	1.000000000000000e+00	31060
181	1.000000000000000e+00	30180
182	1.000000000000000e+00	31100
183	1.000000000000000e+00	31000
184	1.000000000000000e+00	30300
185	1.000000000000000e+00	31260
186	1.000000000000000e+00	32620
187	1.000000000000000e+00	31980
188	1.000000000000000e+00	30900
189	1.000000000000000e+00	32780
190	1.000000000000000e+00	29600
191	1.000000000000000e+00	30020
192	1.000000000000000e+00	30720
193	1.000000000000000e+00	31360
194	1.000000000000000e+00	30460
195	1.000000000000000e+00	32400
196	1.000000000000000e+00	30980
197	1.000000000000000e+00	31240
198	1.000000000000000e+00	30320
199	1.000000000000000e+00	32960
200	1.000000000000000e+00	32660
201	1.000000000000000e+00	31460
202	1.000000000000000e+00	31220
203	1.000000000000000e+00	30980
204	1.000000000000000e+00	31680
205	1.000000000000000e+00	30020
206	1.000000000000000e+00	29840
207	1.000000000000000e+00	32440
208	1.000000000000000e+00	31320
209	1.000000000000000e+00	31580
210	1.000000000000000e+00	31980
211	1.000000000000000e+00	33040
212	1.000000000000000e+00	32560
213	1.000000000000000e+00	31040
214	1.000000000000000e+00	32820
215	1.000000000000000e+00	30700
216	1.000000000000000e+00	31880
217	1.000000000000000e+00	31200
218	1.000000000000000e+00	31180
219	1.000000000000000e+00	31620
220	1.000000000000000e+00	33740
221	1.000000000000000e+00	32400
222	1.000000000000000e+00	30600
223	1.000000000000000e+00	30860
224	1.000000000000000e+00	30800
225	1.000000000000000e+00	32240
226	1.000000000000000e+00	31820
227	1.000000000000000e+00	30740
228	1.000000000000000e+00	32800
229	1.000000000000000e+00	30560
230	1.000000000000000e+00	31720
231	1.000000000000000e+00	31260
232	1.000000000000000e+00	35600
233	1.000000000000000e+00	31640
234	1.000000000000000e+00	31160
235	1.000000000000000e+00	30280
236	1.000000000000000e+00	32000
237	1.000000000000000e+00	30500
238	1.000000000000000e+00	32720
239	1.000000000000000e+00	31360
240	1.000000000000000e+00	31340
241	1.000000000000000e+00	30300
242	1.000000000000000e+00	31660
243	1.000000000000000e+00	32620
244	1.000000000000000e+00	30980
245	1.000000000000000e+00	32020
246	1.000000000000000e+00	33320
247	1.000000000000000e+00	31900
248	1.000000000000000e+00	31260
249	1.000000000000000e+00	30620
250	1.000000000000000e+00	31040
251	1.000000000000000e+00	32060
252	1.000000000000000e+00	31440
253	1.000000000000000e+00	30220
254	1.000000000000000e+00	31000
255	1.000000000000000e+00	30820
256	1.000000000000000e+00	31160
257	1.000000000000000e+00	30240
258	1.000000000000000e+00	32520
259	1.000000000000000e+00	32560
260	1.000000000000000e+00	31660
261	1.000000000000000e+00	30280
262	1.000000000000000e+00	30960
263	1.000000000000000e+00	32520
264	1.000000000000000e+00	29760
265	1.000000000000000e+00	31440
266	1.000000000000000e+00	31660
267	1.000000000000000e+00	31420
268	1.000000000000000e+00	31860
269	1.000000000000000e+00	30640
270	1.000000000000000e+00	31360
271	1.000000000000000e+00	31540
272	1.000000000000000e+00	31000
273	1.000000000000000e+00	30320
274	1.000000000000000e+00	32560
275	1.000000000000000e+00	30440
276	1.000000000000000e+00	33040
277	1.000000000000000e+00	30720
278	1.000000000000000e+00	31380
279	1.000000000000000e+00	30500
280	1.000000000000000e+00	31760
281	1.000000000000000e+00	30960
282	1.000000000000000e+00	32680
283	1.000000000000000e+00	31340
284	1.000000000000000e+00	31020
285	1.000000000000000e+00	31480
286	1.000000000000000e+00	31440
287	1.000000000000000e+00	32340
288	1.000000000000000e+00	31960
289	1.000000000000000e+00	32580
290	1.000000000000000e+00	33660
291	1.000000000000000e+00	29380
292	1.000000000000000e+00	32100
293	1.000000000000000e+00	32040
294	1.000000000000000e+00	30920
295	1.000000000000000e+00	30960
296	1.000000000000000e+00	30340
297	1.000000000000000e+00	31240
298	1.000000000000000e+00	29360
299	1.000000000000000e+00	32020
300	1.000000000000000e+00	31760
301	1.000000000000000e+00	31240
302	1.000000000000000e+00	29920
303	1.000000000000000e+00	31840
304	1.000000000000000e+00	31560
305	1.000000000000000e+00	30700
306	1.000000000000000e+00	30980
307	1.000000000000000e+00	29720
308	1.000000000000000e+00	31260
309	1.000000000000000e+00	30660
310	1.000000000000000e+00	30300
311	1.000000000000000e+00	32360
312	1.000000000000000e+00	31100
313	1.000000000000000e+00	31960
314	1.000000000000000e+00	32660
315	1.000000000000000e+00	31380
316	1.000000000000000e+00	29860
317	1.000000000000000e+00	30760
318	1.000000000000000e+00	31820
319	1.000000000000000e+00	30880
320	1.000000000000000e+00	32980
321	1.000000000000000e+00	32560
322	1.000000000000000e+00	31720
323	1.000000000000000e+00	32280
324	1.000000000000000e+00	32660
325	1.000000000000000e+00	31140
326	1.000000000000000e+00	30260
327	1.000000000000000e+00	33220
328	1.000000000000000e+00	31060
329	1.000000000000000e+00	29860
330	1.000000000000000e+00	33300
331	1.000000000000000e+00	29440
332	1.000000000000000e+00	29720
333	1.000000000000000e+00	32620
334	1.000000000000000e+00	31080
335	1.000000000000000e+00	29720
336	1.000000000000000e+00	32020
337	1.000000000000000e+00	31100
338	1.000000000000000e+00	31660
339	1.000000000000000e+00	31160
340	1.000000000000000e+00	31260
341	1.000000000000000e+00	31940
342	1.000000000000000e+00	30840
343	1.000000000000000e+00	31480
344	1.000000000000000e+00	31660
345	1.000000000000000e+00	31080
346	1.000000000000000e+00	30900
347	1.000000000000000e+00	31920
348	1.000000000000000e+00	31400
349	1.000000000000000e+00	31200
350	1.000000000000000e+00	31480
351	1.000000000000000e+00	33040
352	1.000000000000000e+00	33520
353	1.000000000000000e+00	31600
354	1.000000000000000e+00	31280
355	1.000000000000000e+00	31760
356	1.000000000000000e+00	30320
357	1.000000000000000e+00	31120
358	1.000000000000000e+00	31300
359	1.000000000000000e+00	32080
360	1.000000000000000e+00	31120
361	1.000000000000000e+00	30480
362	1.000000000000000e+00	32120
363	1.000000000000000e+00	31820
364	1.000000000000000e+00	31880
365	1.000000000000000e+00	31120
366	1.000000000000000e+00	31800
367	1.000000000000000e+00	31000
368	1.000000000000000e+00	31280
369	1.000000000000000e+00	30920
370	1.000000000000000e+00	31680
371	1.000000000000000e+00	31560
372	1.000000000000000e+00	30660
373	1.000000000000000e+00	31080
374	1.000000000000000e+00	32680
375	1.000000000000000e+00	31860
376	1.000000000000000e+00	31360
377	1.000000000000000e+00	32740
378	1.000000000000000e+00	31960
379	1.000000000000000e+00	30000
380	1.000000000000000e+00	32200
381	1.000000000000000e+00	31420
382	1.000000000000000e+00	33060
383	1.000000000000000e+00	30980
384	1.000000000000000e+00	31640
385	1.000000000000000e+00	32480
386	1.000000000000000e+00	32220
387	1.000000000000000e+00	30320
388	1.000000000000000e+00	32780
389	1.000000000000000e+00	33260
390	1.000000000000000e+00	30280
391	1.000000000000000e+00	30720
392	1.000000000000000e+00	31040
393	1.000000000000000e+00	32400
394	1.000000000000000e+00	31380
395	1.000000000000000e+00	31160
396	1.000000000000000e+00	31360
397	1.000000000000000e+00	31320
398	1.000000000000000e+00	31800
399	1.000000000000000e+00	30840
400	1.000000000000000e+00	32220
401	1.000000000000000e+00	31020
402	1.000000000000000e+00	31160
403	1.000000000000000e+00	32000
404	1.000000000000000e+00	31720
405	1.000000000000000e+00	32000
406	1.000000000000000e+00	30420
407	1.000000000000000e+00	31580
408	1.000000000000000e+00	31340
409	1.000000000000000e+00	31700
410	1.000000000000000e+00	32240
411	1.000000000000000e+00	31120
412	1.000000000000000e+00	30480
413	1.000000000000000e+00	32040
414	1.000000000000000e+00	29140
415	1.000000000000000e+00	31220
416	1.000000000000000e+00	30980
417	1.000000000000000e+00	30280
418	1.000000000000000e+00	29640
419	1.000000000000000e+00	31600
420	1.000000000000000e+00	31660
421	1.000000000000000e+00	29160
422	1.000000000000000e+00	32620
423	1.000000000000000e+00	31280
424	1.000000000000000e+00	33500
425	1.000000000000000e+00	30960
426	1.000000000000000e+00	31420
427	1.000000000000000e+00	31680
428	1.000000000000000e+00	31740
429	1.000000000000000e+00	32280
430	1.000000000000000e+00	33220
431	1.000000000000000e+00	33820
432	1.000000000000000e+00	32360
433	1.000000000000000e+00	30300
434	1.000000000000000e+00	31040
435	1.000000000000000e+00	31680
436	1.000000000000000e+00	31840
437	1.000000000000000e+00	32080
438	1.000000000000000e+00	31380
439	1.000000000000000e+00	34320
440	1.000000000000000e+00	32040
441	1.000000000000000e+00	33180
442	1.000000000000000e+00	31580
443	1.000000000000000e+00	31700
444	1.000000000000000e+00	29400
445	1.000000000000000e+00	31380
446	1.000000000000000e+00	31200
447	1.000000000000000e+00	30900
448	1.000000000000000e+00	31360
449	1.000000000000000e+00	30080
450	1.000000000000000e+00	31660
451	1.000000000000000e+00	31520
452	1.000000000000000e+00	32340
453	1.000000000000000e+00	32220
454	1.000000000000000e+00	32040
455	1.000000000000000e+00	31660
456	1.000000000000000e+00	31820
457	1.000000000000000e+00	30080
458	1.000000000000000e+00	30780
459	1.000000000000000e+00	31260
460	1.000000000000000e+00	30700
461	1.000000000000000e+00	31820
462	1.000000000000000e+00	31960
463	1.000000000000000e+00	32220
464	1.000000000000000e+00	31580
465	1.000000000000000e+00	30760
466	1.000000000000000e+00	30980
467	1.000000000000000e+00	31500
468	1.000000000000000e+00	31120
469	1.000000000000000e+00	31760
470	1.000000000000000e+00	31240
471	1.000000000000000e+00	30640
472	1.000000000000000e+00	30560
473	1.000000000000000e+00	32440
474	1.000000000000000e+00	31020
475	1.000000000000000e+00	30880
476	1.000000000000000e+00	29860
477	1.000000000000000e+00	32680
478	1.000000000000000e+00	32580
479	1.000000000000000e+00	31380
480	1.000000000000000e+00	30460
481	1.000000000000000e+00	31360
482	1.000000000000000e+00	32260
483	1.000000000000000e+00	32140
484	1.000000000000000e+00	29660
485	1.000000000000000e+00	31600
486	1.000000000000000e+00	30840
487	1.000000000000000e+00	32120
488	1.000000000000000e+00	31440
489	1.000000000000000e+00	32020
490	1.000000000000000e+00	32340
491	9.500000000000001e-01	66440
492	9.000000000000000e-01	67800
493	8.500000000000001e-01	260100
494	8.000000000000000e-01	260100
495	7.500000000000000e-01	67600
496	7.000000000000001e-01	65840
497	6.500000000000000e-01	68720
498	6.000000000000001e-01	67460
499	5.500000000000000e-01	66560
500	5.000000000000000e-01	66560
501	5.500000000000000e-01	67580
502	6.000000000000001e-01	67180
503	6.500000000000000e-01	69220
504	7.000000000000001e-01	67680
505	7.500000000000000e-01	67680
506	8.000000000000000e-01	68100
507	8.500000000000001e-01	70180
508	9.000000000000000e-01	67060
509	9.500000000000001e-01	69480
510	9.000000000000000e-01	68760
511	8.500000000000001e-01	67580
512	8.000000000000000e-01	67880
513	7.500000000000000e-01	67200
514	8.000000000000000e-01	69220
515	8.500000000000001e-01	69520
516	9.000000000000000e-01	69300
517	9.500000000000001e-01	67760
518	1.000000000000000e+00	68480
519	1.000000000000000e+00	69660
520	1.000000000000000e+00	67420
521	1.000000000000000e+00	67900
522	1.000000000000000e+00	68920
523	1.000000000000000e+00	68300
524	1.000000000000000e+00	68840
525	1.000000000000000e+00	68560
526	1.000000000000000e+00	69100
527	1.000000000000000e+00	69340
528	1.000000000000000e+00	67020
529	1.000000000000000e+00	36320
530	1.000000000000000e+00	67160
531	1.000000000000000e+00	65980
532	1.000000000000000e+00	36940
533	1.000000000000000e+00	37320
534	1.000000000000000e+00	34800
535	1.000000000000000e+00	68000
536	1.000000000000000e+00	38160
537	1.000000000000000e+00	70140
538	1.000000000000000e+00	68020
539	1.000000000000000e+00	68960
540	1.000000000000000e+00	69540
541	1.000000000000000e+00	69360
542	1.000000000000000e+00	39560
543	1.000000000000000e+00	69280
544	1.000000000000000e+00	39400
545	1.000000000000000e+00	39220
546	1.000000000000000e+00	37000
547	1.000000000000000e+00	37320
548	1.000000000000000e+00	36440
549	1.000000000000000e+00	38440
550	1.000000000000000e+00	35320
551	1.000000000000000e+00	34620
552	1.000000000000000e+00	36540
553	1.000000000000000e+00	37480
554	1.000000000000000e+00	37220
555	1.000000000000000e+00	38360
556	1.000000000000000e+00	36320
557	1.000000000000000e+00	38380
558	1.000000000000000e+00	37400
559	1.000000000000000e+00	37080
560	1.000000000000000e+00	39240
561	1.000000000000000e+00	36680
562	1.000000000000000e+00	38360
563	1.000000000000000e+00	36560
564	1.000000000000000e+00	36920
565	1.000000000000000e+00	36680
566	1.000000000000000e+00	35600
567	1.000000000000000e+00	37360
568	1.000000000000000e+00	36720
569	1.000000000000000e+00	36500
570	1.000000000000000e+00	37100
571	1.000000000000000e+00	36240
572	1.000000000000000e+00	38500
573	1.000000000000000e+00	36400
574	1.000000000000000e+00	37720
575	1.000000000000000e+00	37520
576	1.000000000000000e+00	39900
577	1.000000000000000e+00	36480
578	1.000000000000000e+00	37520
579	1.000000000000000e+00	36800
580	1.000000000000000e+00	38180
581	1.000000000000000e+00	38120
582	1.000000000000000e+00	36900
583	1.000000000000000e+00	38060
584	1.000000000000000e+00	35760
585	1.000000000000000e+00	38960
586	1.000000000000000e+00	38360
587	1.000000000000000e+00	37900
588	1.000000000000000e+00	39380
589	1.000000000000000e+00	38300
590	1.000000000000000e+00	38200
591	1.000000000000000e+00	39360
592	1.000000000000000e+00	38860
593	1.000000000000000e+00	38400
594	1.000000000000000e+00	39200
595	1.000000000000000e+00	36800
596	1.000000000000000e+00	38720
597	1.000000000000000e+00	38580
598	1.000000000000000e+00	39040
599	1.000000000000000e+00	36220
600	1.000000000000000e+00	37220
601	1.000000000000000e+00	38900
602	1.000000000000000e+00	36340
603	1.000000000000000e+00	38960
604	1.000000000000000e+00	36840
605	1.000000000000000e+00	35940
606	1.000000000000000e+00	37940
607	1.000000000000000e+00	38500
608	1.000000000000000e+00	38960
609	1.000000000000000e+00	38160
610	1.000000000000000e+00	37020
611	1.000000000000000e+00	38440
612	1.000000000000000e+00	40120
613	1.000000000000000e+00	39800
614	1.000000000000000e+00	38260
615	1.000000000000000e+00	37640
616	1.000000000000000e+00	38960
617	1.000000000000000e+00	37360
618	1.000000000000000e+00	37960
619	1.000000000000000e+00	38780
620	1.000000000000000e+00	37520
621	1.000000000000000e+00	37760
622	1.000000000000000e+00	39580
623	1.000000000000000e+00	37800
624	1.000000000000000e+00	38840
625	1.000000000000000e+00	37560
626	1.000000000000000e+00	39340
627	1.000000000000000e+00	38000
628	1.000000000000000e+00	37680
629	1.000000000000000e+00	37520
630	1.000000000000000e+00	38200
631	1.000000000000000e+00	39360
632	1.000000000000000e+00	39360
633	1.000000000000000e+00	40900
634	1.000000000000000e+00	36920
635	1.000000000000000e+00	39520
636	1.000000000000000e+00	38940
637	1.000000000000000e+00	38280
638	1.000000000000000e+00	37180
639	1.000000000000000e+00	37220
640	1.000000000000000e+00	36440
641	1.000000000000000e+00	36400
642	1.000000000000000e+00	37880
643	1.000000000000000e+00	38480
644	1.000000000000000e+00	37860
645	1.000000000000000e+00	37520
646	1.000000000000000e+00	38780
647	1.000000000000000e+00	36540
648	1.000000000000000e+00	38160
649	1.000000000000000e+00	36300
650	1.000000000000000e+00	39220
651	1.000000000000000e+00	37540
652	1.000000000000000e+00	37800
653	1.000000000000000e+00	36580
654	1.000000000000000e+00	37060
655	1.000000000000000e+00	36000
656	1.000000000000000e+00	37040
657	1.000000000000000e+00	36200
658	1.000000000000000e+00	36980
659	1.000000000000000e+00	37800
660	1.000000000000000e+00	35740
661	1.000000000000000e+00	38020
662	1.000000000000000e+00	37240
663	1.000000000000000e+00	36400
664	1.000000000000000e+00	36780
665	1.000000000000000e+00	38140
666	1.000000000000000e+00	37940
667	1.000000000000000e+00	39120
668	1.000000000000000e+00	37120
669	1.000000000000000e+00	37780
670	1.000000000000000e+00	37500
671	1.000000000000000e+00	39060
672	1.000000000000000e+00	38260
673	1.000000000000000e+00	36780
674	1.000000000000000e+00	36000
675	1.000000000000000e+00	37720
676	1.000000000000000e+00	37980
677	1.000000000000000e+00	38000
678	1.000000000000000e+00	37260
679	1.000000000000000e+00	36460
680	1.000000000000000e+00	36280
681	1.000000000000000e+00	39740
682	1.000000000000000e+00	36840
683	1.000000000000000e+00	36500
684	1.000000000000000e+00	36220
685	1.000000000000000e+00	35500
686	1.000000000000000e+00	35980
687	1.000000000000000e+00	36040
688	1.000000000000000e+00	37900
689	1.000000000000000e+00	38780
690	1.000000000000000e+00	37860
691	1.000000000000000e+00	37320
692	1.000000000000000e+00	36840
693	1.000000000000000e+00	35040
694	1.000000000000000e+00	35560
695	1.000000000000000e+00	37580
696	1.000000000000000e+00	37380
697	1.000000000000000e+00	36580
698	1.000000000000000e+00	38540
699	1.000000000000000e+00	38320
700	1.000000000000000e+00	38180
701	1.000000000000000e+00	35640
702	1.000000000000000e+00	37220
703	1.000000000000000e+00	37440
704	1.000000000000000e+00	37900
705	1.000000000000000e+00	36320
706	1.000000000000000e+00	36740
707	1.000000000000000e+00	36200
708	1.000000000000000e+00	36380
709	1.000000000000000e+00	34500
710	1.000000000000000e+00	37360
711	1.000000000000000e+00	37560
712	1.000000000000000e+00	37020
713	1.000000000000000e+00	36380
714	1.000000000000000e+00	37660
715	1.000000000000000e+00	37340
716	1.000000000000000e+00	39980
717	1.000000000000000e+00	39920
718	1.000000000000000e+00	37900
719	1.000000000000000e+00	37720
720	1.000000000000000e+00	37360
721	1.000000000000000e+00	37800
722	1.000000000000000e+00	37800
723	1.000000000000000e+00	39260
724	1.000000000000000e+00	37680
725	1.000000000000000e+00	38820
726	1.000000000000000e+00	39820
727	1.000000000000000e+00	39080
728	1.000000000000000e+00	37640
729	1.000000000000000e+00	39080
730	1.000000000000000e+00	39860
731	1.000000000000000e+00	37660
732	1.000000000000000e+00	39100
733	1.000000000000000e+00	39960
734	1.000000000000000e+00	39820
735	1.000000000000000e+00	38580
736	1.000000000000000e+00	39980
737	1.000000000000000e+00	38780
738	1.000000000000000e+00	38100
739	1.000000000000000e+00	39480
740	1.000000000000000e+00	39420
741	1.000000000000000e+00	38760
742	1.000000000000000e+00	39160
743	1.000000000000000e+00	39280
744	1.000000000000000e+00	38920
745	1.000000000000000e+00	38080
746	1.000000000000000e+00	37640
747	1.000000000000000e+00	38040
748	1.000000000000000e+00	39740
749	1.000000000000000e+00	37100
750	1.000000000000000e+00	39020
751	1.000000000000000e+00	37640
752	1.000000000000000e+00	39160
753	1.000000000000000e+00	38180
754	1.000000000000000e+00	38720
755	1.000000000000000e+00	38520
756	1.000000000000000e+00	39600
757	1.000000000000000e+00	38280
758	1.000000000000000e+00	40300
759	1.000000000000000e+00	39520
760	1.000000000000000e+00	38640
761	1.000000000000000e+00	40580
762	1.000000000000000e+00	39640
763	1.000000000000000e+00	40640
764	1.000000000000000e+00	39600
765	1.000000000000000e+00	39920
766	1.000000000000000e+00	39520
767	1.000000000000000e+00	41380
768	1.000000000000000e+00	38760
769	1.000000000000000e+00	38320
770	1.000000000000000e+00	39000
771	1.000000000000000e+00	39520
772	1.000000000000000e+00	39080
773	1.000000000000000e+00	39900
774	1.000000000000000e+00	40920
775	1.000000000000000e+00	41620
776	1.000000000000000e+00	40840
777	1.000000000000000e+00	41620
778	1.000000000000000e+00	40360
779	1.000000000000000e+00	42360
780	1.000000000000000e+00	41720
781	1.000000000000000e+00	41220
782	1.000000000000000e+00	41520
783	1.000000000000000e+00	40680
784	1.000000000000000e+00	41840
785	1.000000000000000e+00	41100
786	1.000000000000000e+00	41460
787	1.000000000000000e+00	41060
788	1.000000000000000e+00	40600
789	1.000000000000000e+00	41540
790	1.000000000000000e+00	40220
791	1.000000000000000e+00	38940
792	1.000000000000000e+00	38580
793	1.000000000000000e+00	40460
794	1.000000000000000e+00	41380
795	1.000000000000000e+00	41760
796	1.000000000000000e+00	40180
797	1.000000000000000e+00	41760
798	1.000000000000000e+00	39120
799	1.000000000000000e+00	39360
800	1.000000000000000e+00	41200
801	1.000000000000000e+00	39080
802	1.000000000000000e+00	40440
803	1.000000000000000e+00	39120
804	1.000000000000000e+00	39440
805	1.000000000000000e+00	40040
806	1.000000000000000e+00	40220
807	1.000000000000000e+00	38760
808	1.000000000000000e+00	39080
809	1.000000000000000e+00	38700
810	1.000000000000000e+00	40680
811	1.000000000000000e+00	40760
812	1.000000000000000e+00	39060
813	1.000000000000000e+00	40320
814	1.000000000000000e+00	39960
815	1.000000000000000e+00	40600
816	1.000000000000000e+00	38360
817	1.000000000000000e+00	38680
818	1.000000000000000e+00	37040
819	1.000000000000000e+00	37420
820	1.000000000000000e+00	39060
821	1.000000000000000e+00	40480
822	1.000000000000000e+00	38320
823	1.000000000000000e+00	39640
824	1.000000000000000e+00	38100
825	1.000000000000000e+00	38780
826	1.000000000000000e+00	38040
827	1.000000000000000e+00	40680
828	1.000000000000000e+00	38380
829	1.000000000000000e+00	39480
830	1.000000000000000e+00	39480
831	1.000000000000000e+00	40020
832	1.000000000000000e+00	38200
833	1.000000000000000e+00	39160
834	1.000000000000000e+00	39560
835	1.000000000000000e+00	40200
836	1.000000000000000e+00	38340
837	1.000000000000000e+00	39400
838	1.000000000000000e+00	37820
839	1.000000000000000e+00	39680
840	1.000000000000000e+00	35860
841	1.000000000000000e+00	37440
842	1.000000000000000e+00	36620
843	1.000000000000000e+00	35480
844	1.000000000000000e+00	38220
845	1.000000000000000e+00	38740
846	1.000000000000000e+00	36780
847	1.000000000000000e+00	39320
848	1.000000000000000e+00	37120
849	1.000000000000000e+00	36060
850	1.000000000000000e+00	34340
851	1.000000000000000e+00	36520
852	1.000000000000000e+00	36680
853	1.000000000000000e+00	36520
854	1.000000000000000e+00	37180
855	1.000000000000000e+00	36320
856	1.000000000000000e+00	38100
857	1.000000000000000e+00	38160
858	1.000000000000000e+00	38100
859	1.000000000000000e+00	37440
860	1.000000000000000e+00	37720
861	1.000000000000000e+00	37700
862	1.000000000000000e+00	36940
863	1.000000000000000e+00	36780
864	1.000000000000000e+00	37620
865	1.000000000000000e+00	37120
866	1.000000000000000e+00	37280
867	1.000000000000000e+00	37860
868	1.000000000000000e+00	36960
869	1.000000000000000e+00	35960
870	1.000000000000000e+00	36300
871	1.000000000000000e+00	36840
872	1.000000000000000e+00	37260
873	1.000000000000000e+00	36840
874	1.000000000000000e+00	36500
875	1.000000000000000e+00	36780
876	1.000000000000000e+00	37480
877	1.000000000000000e+00	36060
878	1.000000000000000e+00	36200
879	1.000000000000000e+00	35320
880	1.000000000000000e+00	35100
881	1.000000000000000e+00	37220
882	1.000000000000000e+00	36140
883	1.000000000000000e+00	36800
884	1.000000000000000e+00	37020
885	1.000000000000000e+00	37680
886	1.000000000000000e+00	38580
887	1.000000000000000e+00	36620
888	1.000000000000000e+00	37560
889	1.000000000000000e+00	38840
890	1.000000000000000e+00	37780
891	1.000000000000000e+00	37640
892	1.000000000000000e+00	39020
893	1.000000000000000e+00	37100
894	1.000000000000000e+00	38020
895	1.000000000000000e+00	37560
896	1.000000000000000e+00	37400
897	1.000000000000000e+00	36560
898	1.000000000000000e+00	37620
899	1.000000000000000e+00	38900
900	1.000000000000000e+00	38020
901	1.000000000000000e+00	37580
902	1.000000000000000e+00	36660
903	1.000000000000000e+00	37840
904	1.000000000000000e+00	39340
905	1.000000000000000e+00	38200
906	1.000000000000000e+00	37540
907	1.000000000000000e+00	36760
908	1.000000000000000e+00	37780
909	1.000000000000000e+00	38020
910	1.000000000000000e+00	39760
911	1.000000000000000e+00	39580
912	1.000000000000000e+00	38620
913	1.000000000000000e+00	37500
914	1.000000000000000e+00	39700
915	1.000000000000000e+00	36500
916	1.000000000000000e+00	38760
917	1.000000000000000e+00	38640
918	1.000000000000000e+00	38640
919	1.000000000000000e+00	37460
920	1.000000000000000e+00	37820
921	1.000000000000000e+00	37000
922	1.000000000000000e+00	38940
923	1.000000000000000e+00	38020
924	1.000000000000000e+00	38880
925	1.000000000000000e+00	37820
926	1.000000000000000e+00	38760
927	1.000000000000000e+00	36420
928	1.000000000000000e+00	39660
929	1.000000000000000e+00	38760
930	1.000000000000000e+00	37660
931	1.000000000000000e+00	37800
932	1.000000000000000e+00	38600
933	1.000000000000000e+00	35780
934	1.000000000000000e+00	37680
935	1.000000000000000e+00	37940
936	1.000000000000000e+00	38340
937	1.000000000000000e+00	37100
938	1.000000000000000e+00	36200
939	1.000000000000000e+00	38040
940	1.000000000000000e+00	38720
941	1.000000000000000e+00	38220
942	1.000000000000000e+00	38240
943	1.000000000000000e+00	35700
944	1.000000000000000e+00	37480
945	1.000000000000000e+00	37940
946	1.000000000000000e+00	38740
947	1.000000000000000e+00	37420
948	1.000000000000000e+00	39040
949	1.000000000000000e+00	39000
950	1.000000000000000e+00	39660
951	1.000000000000000e+00	39720
952	1.000000000000000e+00	39540
953	1.000000000000000e+00	39560
954	1.000000000000000e+00	39300
955	1.000000000000000e+00	38260
956	1.000000000000000e+00	39240
957	1.000000000000000e+00	40240
958	1.000000000000000e+00	37780
959	1.000000000000000e+00	38520
960	1.000000000000000e+00	38680
961	1.000000000000000e+00	38140
962	1.000000000000000e+00	38960
963	1.000000000000000e+00	39160
964	1.000000000000000e+00	38720
965	1.000000000000000e+00	36300
966	1.000000000000000e+00	37520
967	1.000000000000000e+00	38520
968	1.000000000000000e+00	37320
969	1.000000000000000e+00	37840
970	1.000000000000000e+00	36280
971	1.000000000000000e+00	37500
972	1.000000000000000e+00	37000
973	1.000000000000000e+00	38120
974	1.000000000000000e+00	38380
975	1.000000000000000e+00	37720
976	1.000000000000000e+00	37080
977	1.000000000000000e+00	36560
978	1.000000000000000e+00	38120
979	1.000000000000000e+00	35560
980	1.000000000000000e+00	37980
981	1.000000000000000e+00	36940
982	1.000000000000000e+00	36520
983	1.000000000000000e+00	38600
984	1.000000000000000e+00	37260
985	1.000000000000000e+00	38480
986	1.000000000000000e+00	35740
987	1.000000000000000e+00	36800
988	1.000000000000000e+00	37080
989	1.000000000000000e+00	36680
990	1.000000000000000e+00	36380
991	1.000000000000000e+00	38380
992	1.000000000000000e+00	38120
993	1.000000000000000e+00	37020
994	1.000000000000000e+00	37080
995	1.000000000000000e+00	37280
996	1.000000000000000e+00	37820
997	1.000000000000000e+00	38420
998	1.000000000000000e+00	38920
999	1.000000000000000e+00	38280
1000	1.000000000000000e+00	39020


Tempo gasto: 21.066803
