Método usado: ANTCOLONY OPTIMIZATION

POSIÇÃO	ÁREA(mm²)	CUSTO

1	1.000000000000000e+00	11700
2	1.000000000000000e+00	11840
3	1.000000000000000e+00	11500
4	1.000000000000000e+00	13080
5	1.000000000000000e+00	11080
6	1.000000000000000e+00	11940
7	1.000000000000000e+00	10980
8	1.000000000000000e+00	10880
9	1.000000000000000e+00	13380
10	1.000000000000000e+00	11720
11	1.000000000000000e+00	12140
12	1.000000000000000e+00	11080
13	1.000000000000000e+00	11360
14	1.000000000000000e+00	11140
15	1.000000000000000e+00	11840
16	1.000000000000000e+00	10700
17	1.000000000000000e+00	12200
18	1.000000000000000e+00	10880
19	1.000000000000000e+00	11660
20	1.000000000000000e+00	11720
21	1.000000000000000e+00	11440
22	1.000000000000000e+00	11180
23	1.000000000000000e+00	11360
24	1.000000000000000e+00	11300
25	1.000000000000000e+00	11720
26	1.000000000000000e+00	12320
27	1.000000000000000e+00	11380
28	1.000000000000000e+00	12500
29	1.000000000000000e+00	12020
30	1.000000000000000e+00	11720
31	1.000000000000000e+00	11280
32	1.000000000000000e+00	12160
33	1.000000000000000e+00	12100
34	1.000000000000000e+00	11320
35	1.000000000000000e+00	10920
36	1.000000000000000e+00	11480
37	1.000000000000000e+00	12000
38	1.000000000000000e+00	11220
39	1.000000000000000e+00	11800
40	1.000000000000000e+00	10700
41	1.000000000000000e+00	12440
42	1.000000000000000e+00	12060
43	1.000000000000000e+00	12080
44	1.000000000000000e+00	10280
45	1.000000000000000e+00	11760
46	1.000000000000000e+00	12000
47	1.000000000000000e+00	11460
48	1.000000000000000e+00	11100
49	1.000000000000000e+00	11800
50	1.000000000000000e+00	11340
51	1.000000000000000e+00	11680
52	1.000000000000000e+00	11840
53	1.000000000000000e+00	11520
54	1.000000000000000e+00	11660
55	1.000000000000000e+00	11660
56	1.000000000000000e+00	10820
57	1.000000000000000e+00	11340
58	1.000000000000000e+00	11020
59	1.000000000000000e+00	12340
60	1.000000000000000e+00	12460
61	1.000000000000000e+00	11940
62	1.000000000000000e+00	12380
63	1.000000000000000e+00	12100
64	1.000000000000000e+00	11220
65	1.000000000000000e+00	11940
66	1.000000000000000e+00	11100
67	1.000000000000000e+00	11040
68	1.000000000000000e+00	11240
69	1.000000000000000e+00	11580
70	1.000000000000000e+00	12420
71	1.000000000000000e+00	11500
72	1.000000000000000e+00	12440
73	1.000000000000000e+00	11120
74	1.000000000000000e+00	11620
75	1.000000000000000e+00	11860
76	1.000000000000000e+00	11420
77	1.000000000000000e+00	10520
78	1.000000000000000e+00	11840
79	1.000000000000000e+00	11620
80	1.000000000000000e+00	11280
81	1.000000000000000e+00	11420
82	1.000000000000000e+00	11420
83	1.000000000000000e+00	12640
84	1.000000000000000e+00	12060
85	1.000000000000000e+00	11580
86	1.000000000000000e+00	11520
87	1.000000000000000e+00	12180
88	1.000000000000000e+00	12520
89	1.000000000000000e+00	11520
90	1.000000000000000e+00	11520
91	1.000000000000000e+00	12100
92	1.000000000000000e+00	12260
93	1.000000000000000e+00	12040
94	1.000000000000000e+00	11000
95	1.000000000000000e+00	12040
96	1.000000000000000e+00	10680
97	1.000000000000000e+00	12760
98	1.000000000000000e+00	11040
99	1.000000000000000e+00	12180
100	1.000000000000000e+00	11800
101	1.000000000000000e+00	11940
102	1.000000000000000e+00	11760
103	1.000000000000000e+00	12140
104	1.000000000000000e+00	11720
105	1.000000000000000e+00	11560
106	1.000000000000000e+00	11600
107	1.000000000000000e+00	12200
108	1.000000000000000e+00	11460
109	1.000000000000000e+00	12220
110	1.000000000000000e+00	10820
111	1.000000000000000e+00	11780
112	1.000000000000000e+00	11300
113	1.000000000000000e+00	11440
114	1.000000000000000e+00	11360
115	1.000000000000000e+00	11760
116	1.000000000000000e+00	11220
117	1.000000000000000e+00	11660
118	1.000000000000000e+00	12180
119	1.000000000000000e+00	11300
120	1.000000000000000e+00	11640
121	1.000000000000000e+00	10460
122	1.000000000000000e+00	11760
123	1.000000000000000e+00	12160
124	1.000000000000000e+00	12440
125	1.000000000000000e+00	12820
126	1.000000000000000e+00	12180
127	1.000000000000000e+00	11480
128	1.000000000000000e+00	11880
129	1.000000000000000e+00	11800
130	1.000000000000000e+00	11600
131	1.000000000000000e+00	11960
132	1.000000000000000e+00	11660
133	1.000000000000000e+00	11940
134	1.000000000000000e+00	11040
135	1.000000000000000e+00	10840
136	1.000000000000000e+00	11120
137	1.000000000000000e+00	11580
138	1.000000000000000e+00	11360
139	1.000000000000000e+00	11060
140	1.000000000000000e+00	10940
141	1.000000000000000e+00	11180
142	1.000000000000000e+00	11480
143	1.000000000000000e+00	11900
144	1.000000000000000e+00	13460
145	1.000000000000000e+00	12200
146	1.000000000000000e+00	10660
147	1.000000000000000e+00	11360
148	1.000000000000000e+00	11000
149	1.000000000000000e+00	12220
150	1.000000000000000e+00	10680
151	1.000000000000000e+00	11660
152	1.000000000000000e+00	11840
153	1.000000000000000e+00	12420
154	1.000000000000000e+00	11200
155	1.000000000000000e+00	11540
156	1.000000000000000e+00	11660
157	1.000000000000000e+00	11700
158	1.000000000000000e+00	12740
159	1.000000000000000e+00	12260
160	1.000000000000000e+00	12120
161	1.000000000000000e+00	11880
162	1.000000000000000e+00	11760
163	1.000000000000000e+00	12340
164	1.000000000000000e+00	12080
165	1.000000000000000e+00	11800
166	1.000000000000000e+00	10820
167	1.000000000000000e+00	12680
168	1.000000000000000e+00	11840
169	1.000000000000000e+00	12340
170	1.000000000000000e+00	11140
171	1.000000000000000e+00	11180
172	1.000000000000000e+00	13260
173	1.000000000000000e+00	11280
174	1.000000000000000e+00	11300
175	1.000000000000000e+00	11800
176	1.000000000000000e+00	10960
177	1.000000000000000e+00	11740
178	1.000000000000000e+00	12240
179	1.000000000000000e+00	12420
180	1.000000000000000e+00	11700
181	1.000000000000000e+00	11140
182	1.000000000000000e+00	11300
183	1.000000000000000e+00	11600
184	1.000000000000000e+00	11600
185	1.000000000000000e+00	11640
186	1.000000000000000e+00	12000
187	1.000000000000000e+00	12560
188	1.000000000000000e+00	13000
189	1.000000000000000e+00	11260
190	1.000000000000000e+00	11520
191	1.000000000000000e+00	11100
192	1.000000000000000e+00	11780
193	1.000000000000000e+00	11560
194	1.000000000000000e+00	11420
195	1.000000000000000e+00	12300
196	1.000000000000000e+00	11740
197	1.000000000000000e+00	11860
198	1.000000000000000e+00	11120
199	1.000000000000000e+00	12140
200	1.000000000000000e+00	12320
201	1.000000000000000e+00	12500
202	1.000000000000000e+00	11440
203	1.000000000000000e+00	12020
204	1.000000000000000e+00	11620
205	1.000000000000000e+00	11460
206	1.000000000000000e+00	11580
207	1.000000000000000e+00	12460
208	1.000000000000000e+00	12040
209	1.000000000000000e+00	12100
210	1.000000000000000e+00	12020
211	1.000000000000000e+00	11660
212	1.000000000000000e+00	12200
213	1.000000000000000e+00	11000
214	1.000000000000000e+00	12000
215	1.000000000000000e+00	11600
216	1.000000000000000e+00	11700
217	1.000000000000000e+00	11500
218	1.000000000000000e+00	12320
219	1.000000000000000e+00	11580
220	1.000000000000000e+00	12520
221	1.000000000000000e+00	12380
222	1.000000000000000e+00	11940
223	1.000000000000000e+00	11700
224	1.000000000000000e+00	12300
225	1.000000000000000e+00	11600
226	1.000000000000000e+00	11680
227	1.000000000000000e+00	11440
228	1.000000000000000e+00	12060
229	1.000000000000000e+00	11020
230	1.000000000000000e+00	11660
231	1.000000000000000e+00	12180
232	1.000000000000000e+00	12580
233	1.000000000000000e+00	11560
234	1.000000000000000e+00	12060
235	1.000000000000000e+00	11540
236	1.000000000000000e+00	12400
237	1.000000000000000e+00	11200
238	1.000000000000000e+00	11620
239	1.000000000000000e+00	11640
240	1.000000000000000e+00	11160
241	1.000000000000000e+00	11280
242	1.000000000000000e+00	11080
243	1.000000000000000e+00	12200
244	1.000000000000000e+00	11020
245	1.000000000000000e+00	12000
246	1.000000000000000e+00	13020
247	1.000000000000000e+00	11760
248	1.000000000000000e+00	11820
249	1.000000000000000e+00	10980
250	1.000000000000000e+00	11280
251	1.000000000000000e+00	12160
252	1.000000000000000e+00	11840
253	1.000000000000000e+00	10900
254	1.000000000000000e+00	11500
255	1.000000000000000e+00	11180
256	1.000000000000000e+00	12400
257	1.000000000000000e+00	11020
258	1.000000000000000e+00	12780
259	1.000000000000000e+00	12820
260	1.000000000000000e+00	11520
261	1.000000000000000e+00	11100
262	1.000000000000000e+00	11160
263	1.000000000000000e+00	12020
264	1.000000000000000e+00	11500
265	1.000000000000000e+00	11460
266	1.000000000000000e+00	11760
267	1.000000000000000e+00	11540
268	1.000000000000000e+00	11860
269	1.000000000000000e+00	11780
270	1.000000000000000e+00	11960
271	1.000000000000000e+00	10700
272	1.000000000000000e+00	11260
273	1.000000000000000e+00	11140
274	1.000000000000000e+00	12500
275	1.000000000000000e+00	10600
276	1.000000000000000e+00	12720
277	1.000000000000000e+00	11160
278	1.000000000000000e+00	11560
279	1.000000000000000e+00	10860
280	1.000000000000000e+00	12040
281	1.000000000000000e+00	12180
282	1.000000000000000e+00	11940
283	1.000000000000000e+00	11180
284	1.000000000000000e+00	11560
285	1.000000000000000e+00	12100
286	1.000000000000000e+00	11540
287	1.000000000000000e+00	11380
288	1.000000000000000e+00	12280
289	1.000000000000000e+00	12980
290	1.000000000000000e+00	12660
291	1.000000000000000e+00	11040
292	1.000000000000000e+00	12100
293	1.000000000000000e+00	11620
294	1.000000000000000e+00	12100
295	1.000000000000000e+00	11180
296	1.000000000000000e+00	11720
297	1.000000000000000e+00	12240
298	1.000000000000000e+00	11100
299	1.000000000000000e+00	11680
300	1.000000000000000e+00	12520
301	1.000000000000000e+00	12220
302	1.000000000000000e+00	11280
303	1.000000000000000e+00	12240
304	1.000000000000000e+00	11140
305	1.000000000000000e+00	11240
306	1.000000000000000e+00	11880
307	1.000000000000000e+00	10760
308	1.000000000000000e+00	12000
309	1.000000000000000e+00	11580
310	1.000000000000000e+00	11860
311	1.000000000000000e+00	11820
312	1.000000000000000e+00	11280
313	1.000000000000000e+00	12060
314	1.000000000000000e+00	12460
315	1.000000000000000e+00	11060
316	1.000000000000000e+00	10720
317	1.000000000000000e+00	11440
318	1.000000000000000e+00	11640
319	1.000000000000000e+00	10860
320	1.000000000000000e+00	12160
321	1.000000000000000e+00	12620
322	1.000000000000000e+00	12240
323	1.000000000000000e+00	11540
324	1.000000000000000e+00	12540
325	1.000000000000000e+00	11220
326	1.000000000000000e+00	11440
327	1.000000000000000e+00	12980
328	1.000000000000000e+00	11240
329	1.000000000000000e+00	11140
330	1.000000000000000e+00	12560
331	1.000000000000000e+00	10420
332	1.000000000000000e+00	11120
333	1.000000000000000e+00	11820
334	1.000000000000000e+00	11420
335	1.000000000000000e+00	10440
336	1.000000000000000e+00	11380
337	1.000000000000000e+00	11200
338	1.000000000000000e+00	12260
339	1.000000000000000e+00	11560
340	1.000000000000000e+00	12260
341	1.000000000000000e+00	12440
342	1.000000000000000e+00	11180
343	1.000000000000000e+00	12280
344	1.000000000000000e+00	12260
345	1.000000000000000e+00	11820
346	1.000000000000000e+00	11320
347	1.000000000000000e+00	11600
348	1.000000000000000e+00	12040
349	1.000000000000000e+00	10840
350	1.000000000000000e+00	12100
351	1.000000000000000e+00	12580
352	1.000000000000000e+00	12580
353	1.000000000000000e+00	11900
354	1.000000000000000e+00	11700
355	1.000000000000000e+00	11320
356	1.000000000000000e+00	11140
357	1.000000000000000e+00	11760
358	1.000000000000000e+00	12340
359	1.000000000000000e+00	11980
360	1.000000000000000e+00	11380
361	1.000000000000000e+00	12160
362	1.000000000000000e+00	12400
363	1.000000000000000e+00	12460
364	1.000000000000000e+00	11460
365	1.000000000000000e+00	10860
366	1.000000000000000e+00	12480
367	1.000000000000000e+00	11680
368	1.000000000000000e+00	11420
369	1.000000000000000e+00	12040
370	1.000000000000000e+00	11500
371	1.000000000000000e+00	10880
372	1.000000000000000e+00	12220
373	1.000000000000000e+00	11240
374	1.000000000000000e+00	11840
375	1.000000000000000e+00	12060
376	1.000000000000000e+00	11340
377	1.000000000000000e+00	12300
378	1.000000000000000e+00	11680
379	1.000000000000000e+00	11500
380	1.000000000000000e+00	11180
381	1.000000000000000e+00	11720
382	1.000000000000000e+00	12220
383	1.000000000000000e+00	11020
384	1.000000000000000e+00	11480
385	1.000000000000000e+00	12320
386	1.000000000000000e+00	12300
387	1.000000000000000e+00	11340
388	1.000000000000000e+00	12600
389	1.000000000000000e+00	12480
390	1.000000000000000e+00	11720
391	1.000000000000000e+00	11540
392	1.000000000000000e+00	11700
393	1.000000000000000e+00	12460
394	1.000000000000000e+00	12000
395	1.000000000000000e+00	11820
396	1.000000000000000e+00	11560
397	1.000000000000000e+00	10560
398	1.000000000000000e+00	12220
399	1.000000000000000e+00	11420
400	1.000000000000000e+00	12140
401	1.000000000000000e+00	11480
402	1.000000000000000e+00	11640
403	1.000000000000000e+00	10660
404	1.000000000000000e+00	12180
405	1.000000000000000e+00	12140
406	1.000000000000000e+00	11560
407	1.000000000000000e+00	12380
408	1.000000000000000e+00	12480
409	1.000000000000000e+00	11440
410	1.000000000000000e+00	11660
411	1.000000000000000e+00	11660
412	1.000000000000000e+00	11720
413	1.000000000000000e+00	11880
414	1.000000000000000e+00	10480
415	1.000000000000000e+00	11620
416	1.000000000000000e+00	11160
417	1.000000000000000e+00	10880
418	1.000000000000000e+00	11940
419	1.000000000000000e+00	10920
420	1.000000000000000e+00	12200
421	1.000000000000000e+00	11200
422	1.000000000000000e+00	11740
423	1.000000000000000e+00	12120
424	1.000000000000000e+00	12700
425	1.000000000000000e+00	12160
426	1.000000000000000e+00	11420
427	1.000000000000000e+00	11440
428	1.000000000000000e+00	10880
429	1.000000000000000e+00	12440
430	1.000000000000000e+00	13700
431	1.000000000000000e+00	12700
432	1.000000000000000e+00	12440
433	1.000000000000000e+00	10300
434	1.000000000000000e+00	12160
435	1.000000000000000e+00	11820
436	1.000000000000000e+00	11780
437	1.000000000000000e+00	12380
438	1.000000000000000e+00	11860
439	1.000000000000000e+00	12120
440	1.000000000000000e+00	11840
441	1.000000000000000e+00	12220
442	1.000000000000000e+00	11160
443	1.000000000000000e+00	11560
444	1.000000000000000e+00	10600
445	1.000000000000000e+00	11760
446	1.000000000000000e+00	11380
447	1.000000000000000e+00	11200
448	1.000000000000000e+00	12180
449	1.000000000000000e+00	11380
450	1.000000000000000e+00	11820
451	1.000000000000000e+00	11180
452	1.000000000000000e+00	12180
453	1.000000000000000e+00	11980
454	1.000000000000000e+00	12280
455	1.000000000000000e+00	11580
456	1.000000000000000e+00	11760
457	1.000000000000000e+00	11460
458	1.000000000000000e+00	10940
459	1.000000000000000e+00	12040
460	1.000000000000000e+00	11060
461	1.000000000000000e+00	12040
462	1.000000000000000e+00	12160
463	1.000000000000000e+00	12020
464	1.000000000000000e+00	11480
465	1.000000000000000e+00	11100
466	1.000000000000000e+00	11540
467	1.000000000000000e+00	12100
468	1.000000000000000e+00	12020
469	1.000000000000000e+00	11660
470	1.000000000000000e+00	11780
471	1.000000000000000e+00	11160
472	1.000000000000000e+00	11680
473	1.000000000000000e+00	12020
474	1.000000000000000e+00	11040
475	1.000000000000000e+00	11760
476	1.000000000000000e+00	10740
477	1.000000000000000e+00	12360
478	1.000000000000000e+00	11240
479	1.000000000000000e+00	11560
480	1.000000000000000e+00	11260
481	1.000000000000000e+00	11800
482	1.000000000000000e+00	11400
483	1.000000000000000e+00	11900
484	1.000000000000000e+00	11020
485	1.000000000000000e+00	11880
486	1.000000000000000e+00	11160
487	1.000000000000000e+00	11980
488	1.000000000000000e+00	11760
489	1.000000000000000e+00	12080
490	1.000000000000000e+00	12280
491	1.000000000000000e+00	25940
492	9.500000000000001e-01	26020
493	9.000000000000000e-01	97200
494	8.500000000000001e-01	97200
495	8.000000000000000e-01	25940
496	7.500000000000000e-01	24720
497	7.000000000000001e-01	25960
498	6.500000000000000e-01	25560
499	6.000000000000001e-01	25260
500	5.500000000000000e-01	25440
501	6.000000000000001e-01	25300
502	6.500000000000000e-01	25180
503	7.000000000000001e-01	25700
504	7.500000000000000e-01	25100
505	8.000000000000000e-01	25980
506	8.500000000000001e-01	25520
507	9.000000000000000e-01	26300
508	9.500000000000001e-01	24200
509	1.000000000000000e+00	25280
510	9.500000000000001e-01	25840
511	9.000000000000000e-01	25560
512	8.500000000000001e-01	24920
513	8.000000000000000e-01	25640
514	8.500000000000001e-01	25620
515	9.000000000000000e-01	25620
516	9.500000000000001e-01	25500
517	1.000000000000000e+00	24780
518	1.000000000000000e+00	25060
519	1.000000000000000e+00	25780
520	1.000000000000000e+00	25400
521	1.000000000000000e+00	24760
522	1.000000000000000e+00	26540
523	1.000000000000000e+00	25740
524	1.000000000000000e+00	25780
525	1.000000000000000e+00	25220
526	1.000000000000000e+00	25880
527	1.000000000000000e+00	26660
528	1.000000000000000e+00	25760
529	1.000000000000000e+00	14220
530	1.000000000000000e+00	25700
531	1.000000000000000e+00	25140
532	1.000000000000000e+00	14100
533	1.000000000000000e+00	14720
534	1.000000000000000e+00	12900
535	1.000000000000000e+00	24880
536	1.000000000000000e+00	14900
537	1.000000000000000e+00	26360
538	1.000000000000000e+00	25500
539	1.000000000000000e+00	26100
540	1.000000000000000e+00	26720
541	1.000000000000000e+00	25820
542	1.000000000000000e+00	15880
543	1.000000000000000e+00	26280
544	1.000000000000000e+00	15640
545	1.000000000000000e+00	15460
546	1.000000000000000e+00	13820
547	1.000000000000000e+00	13580
548	1.000000000000000e+00	13440
549	1.000000000000000e+00	14060
550	1.000000000000000e+00	13140
551	1.000000000000000e+00	12340
552	1.000000000000000e+00	12880
553	1.000000000000000e+00	13700
554	1.000000000000000e+00	13400
555	1.000000000000000e+00	13360
556	1.000000000000000e+00	13620
557	1.000000000000000e+00	14420
558	1.000000000000000e+00	13580
559	1.000000000000000e+00	12660
560	1.000000000000000e+00	14540
561	1.000000000000000e+00	12900
562	1.000000000000000e+00	14080
563	1.000000000000000e+00	12400
564	1.000000000000000e+00	13480
565	1.000000000000000e+00	13220
566	1.000000000000000e+00	12460
567	1.000000000000000e+00	13340
568	1.000000000000000e+00	13640
569	1.000000000000000e+00	14100
570	1.000000000000000e+00	13120
571	1.000000000000000e+00	13640
572	1.000000000000000e+00	13540
573	1.000000000000000e+00	13400
574	1.000000000000000e+00	14400
575	1.000000000000000e+00	12940
576	1.000000000000000e+00	13520
577	1.000000000000000e+00	12620
578	1.000000000000000e+00	14160
579	1.000000000000000e+00	13980
580	1.000000000000000e+00	13600
581	1.000000000000000e+00	14040
582	1.000000000000000e+00	13180
583	1.000000000000000e+00	12320
584	1.000000000000000e+00	11980
585	1.000000000000000e+00	13100
586	1.000000000000000e+00	13960
587	1.000000000000000e+00	13820
588	1.000000000000000e+00	14060
589	1.000000000000000e+00	12920
590	1.000000000000000e+00	13740
591	1.000000000000000e+00	14820
592	1.000000000000000e+00	13600
593	1.000000000000000e+00	14500
594	1.000000000000000e+00	13940
595	1.000000000000000e+00	13500
596	1.000000000000000e+00	14960
597	1.000000000000000e+00	13740
598	1.000000000000000e+00	14560
599	1.000000000000000e+00	12920
600	1.000000000000000e+00	13080
601	1.000000000000000e+00	13720
602	1.000000000000000e+00	12920
603	1.000000000000000e+00	14740
604	1.000000000000000e+00	13240
605	1.000000000000000e+00	12700
606	1.000000000000000e+00	13860
607	1.000000000000000e+00	13300
608	1.000000000000000e+00	13800
609	1.000000000000000e+00	12860
610	1.000000000000000e+00	12380
611	1.000000000000000e+00	13420
612	1.000000000000000e+00	15000
613	1.000000000000000e+00	13700
614	1.000000000000000e+00	13580
615	1.000000000000000e+00	14020
616	1.000000000000000e+00	13040
617	1.000000000000000e+00	13320
618	1.000000000000000e+00	12900
619	1.000000000000000e+00	13480
620	1.000000000000000e+00	12440
621	1.000000000000000e+00	11700
622	1.000000000000000e+00	14060
623	1.000000000000000e+00	12260
624	1.000000000000000e+00	12740
625	1.000000000000000e+00	12500
626	1.000000000000000e+00	13740
627	1.000000000000000e+00	13340
628	1.000000000000000e+00	13340
629	1.000000000000000e+00	12920
630	1.000000000000000e+00	13660
631	1.000000000000000e+00	13600
632	1.000000000000000e+00	13020
633	1.000000000000000e+00	13960
634	1.000000000000000e+00	13300
635	1.000000000000000e+00	13820
636	1.000000000000000e+00	13660
637	1.000000000000000e+00	14080
638	1.000000000000000e+00	12780
639	1.000000000000000e+00	13300
640	1.000000000000000e+00	12920
641	1.000000000000000e+00	12340
642	1.000000000000000e+00	13300
643	1.000000000000000e+00	14820
644	1.000000000000000e+00	13020
645	1.000000000000000e+00	12660
646	1.000000000000000e+00	13120
647	1.000000000000000e+00	12680
648	1.000000000000000e+00	12540
649	1.000000000000000e+00	13220
650	1.000000000000000e+00	14340
651	1.000000000000000e+00	14180
652	1.000000000000000e+00	13680
653	1.000000000000000e+00	13400
654	1.000000000000000e+00	13360
655	1.000000000000000e+00	13120
656	1.000000000000000e+00	12920
657	1.000000000000000e+00	13200
658	1.000000000000000e+00	13520
659	1.000000000000000e+00	13920
660	1.000000000000000e+00	13900
661	1.000000000000000e+00	14600
662	1.000000000000000e+00	13060
663	1.000000000000000e+00	13800
664	1.000000000000000e+00	13220
665	1.000000000000000e+00	13420
666	1.000000000000000e+00	13840
667	1.000000000000000e+00	14720
668	1.000000000000000e+00	13300
669	1.000000000000000e+00	14180
670	1.000000000000000e+00	13260
671	1.000000000000000e+00	14740
672	1.000000000000000e+00	14460
673	1.000000000000000e+00	14180
674	1.000000000000000e+00	13980
675	1.000000000000000e+00	14980
676	1.000000000000000e+00	13880
677	1.000000000000000e+00	15140
678	1.000000000000000e+00	13820
679	1.000000000000000e+00	13660
680	1.000000000000000e+00	13300
681	1.000000000000000e+00	15360
682	1.000000000000000e+00	13320
683	1.000000000000000e+00	13800
684	1.000000000000000e+00	13580
685	1.000000000000000e+00	13680
686	1.000000000000000e+00	12100
687	1.000000000000000e+00	13240
688	1.000000000000000e+00	13480
689	1.000000000000000e+00	14040
690	1.000000000000000e+00	13440
691	1.000000000000000e+00	13600
692	1.000000000000000e+00	12900
693	1.000000000000000e+00	13140
694	1.000000000000000e+00	12660
695	1.000000000000000e+00	13360
696	1.000000000000000e+00	13380
697	1.000000000000000e+00	14180
698	1.000000000000000e+00	13920
699	1.000000000000000e+00	13960
700	1.000000000000000e+00	13380
701	1.000000000000000e+00	12620
702	1.000000000000000e+00	12620
703	1.000000000000000e+00	12940
704	1.000000000000000e+00	13040
705	1.000000000000000e+00	12820
706	1.000000000000000e+00	12240
707	1.000000000000000e+00	12620
708	1.000000000000000e+00	12600
709	1.000000000000000e+00	12100
710	1.000000000000000e+00	12760
711	1.000000000000000e+00	13180
712	1.000000000000000e+00	12900
713	1.000000000000000e+00	13080
714	1.000000000000000e+00	12620
715	1.000000000000000e+00	12660
716	1.000000000000000e+00	13300
717	1.000000000000000e+00	13480
718	1.000000000000000e+00	13220
719	1.000000000000000e+00	13500
720	1.000000000000000e+00	13600
721	1.000000000000000e+00	12580
722	1.000000000000000e+00	12280
723	1.000000000000000e+00	13320
724	1.000000000000000e+00	12440
725	1.000000000000000e+00	14240
726	1.000000000000000e+00	13740
727	1.000000000000000e+00	13900
728	1.000000000000000e+00	11840
729	1.000000000000000e+00	12800
730	1.000000000000000e+00	13460
731	1.000000000000000e+00	13180
732	1.000000000000000e+00	12980
733	1.000000000000000e+00	13500
734	1.000000000000000e+00	14360
735	1.000000000000000e+00	13380
736	1.000000000000000e+00	13620
737	1.000000000000000e+00	13900
738	1.000000000000000e+00	12520
739	1.000000000000000e+00	14000
740	1.000000000000000e+00	13220
741	1.000000000000000e+00	13940
742	1.000000000000000e+00	14060
743	1.000000000000000e+00	13280
744	1.000000000000000e+00	13320
745	1.000000000000000e+00	13200
746	1.000000000000000e+00	12900
747	1.000000000000000e+00	14300
748	1.000000000000000e+00	13780
749	1.000000000000000e+00	12780
750	1.000000000000000e+00	13660
751	1.000000000000000e+00	13540
752	1.000000000000000e+00	13200
753	1.000000000000000e+00	13640
754	1.000000000000000e+00	13640
755	1.000000000000000e+00	14640
756	1.000000000000000e+00	14240
757	1.000000000000000e+00	14140
758	1.000000000000000e+00	14160
759	1.000000000000000e+00	12940
760	1.000000000000000e+00	13800
761	1.000000000000000e+00	13980
762	1.000000000000000e+00	13060
763	1.000000000000000e+00	15260
764	1.000000000000000e+00	13760
765	1.000000000000000e+00	13560
766	1.000000000000000e+00	13440
767	1.000000000000000e+00	15120
768	1.000000000000000e+00	13100
769	1.000000000000000e+00	13220
770	1.000000000000000e+00	12700
771	1.000000000000000e+00	12540
772	1.000000000000000e+00	13540
773	1.000000000000000e+00	12640
774	1.000000000000000e+00	14160
775	1.000000000000000e+00	13420
776	1.000000000000000e+00	14300
777	1.000000000000000e+00	13960
778	1.000000000000000e+00	13040
779	1.000000000000000e+00	14260
780	1.000000000000000e+00	13920
781	1.000000000000000e+00	12700
782	1.000000000000000e+00	13740
783	1.000000000000000e+00	14120
784	1.000000000000000e+00	14320
785	1.000000000000000e+00	13480
786	1.000000000000000e+00	13960
787	1.000000000000000e+00	13420
788	1.000000000000000e+00	14320
789	1.000000000000000e+00	14480
790	1.000000000000000e+00	13900
791	1.000000000000000e+00	13480
792	1.000000000000000e+00	12980
793	1.000000000000000e+00	13200
794	1.000000000000000e+00	14400
795	1.000000000000000e+00	14940
796	1.000000000000000e+00	13640
797	1.000000000000000e+00	14540
798	1.000000000000000e+00	14660
799	1.000000000000000e+00	13980
800	1.000000000000000e+00	15840
801	1.000000000000000e+00	14500
802	1.000000000000000e+00	14900
803	1.000000000000000e+00	15080
804	1.000000000000000e+00	13900
805	1.000000000000000e+00	14960
806	1.000000000000000e+00	14320
807	1.000000000000000e+00	14220
808	1.000000000000000e+00	14460
809	1.000000000000000e+00	13940
810	1.000000000000000e+00	15220
811	1.000000000000000e+00	14940
812	1.000000000000000e+00	14920
813	1.000000000000000e+00	15780
814	1.000000000000000e+00	14920
815	1.000000000000000e+00	15940
816	1.000000000000000e+00	13860
817	1.000000000000000e+00	15120
818	1.000000000000000e+00	14180
819	1.000000000000000e+00	14000
820	1.000000000000000e+00	15540
821	1.000000000000000e+00	15980
822	1.000000000000000e+00	15200
823	1.000000000000000e+00	16100
824	1.000000000000000e+00	14820
825	1.000000000000000e+00	15180
826	1.000000000000000e+00	14840
827	1.000000000000000e+00	16180
828	1.000000000000000e+00	15840
829	1.000000000000000e+00	17020
830	1.000000000000000e+00	15520
831	1.000000000000000e+00	16560
832	1.000000000000000e+00	14700
833	1.000000000000000e+00	16020
834	1.000000000000000e+00	15940
835	1.000000000000000e+00	17480
836	1.000000000000000e+00	14960
837	1.000000000000000e+00	16640
838	1.000000000000000e+00	14560
839	1.000000000000000e+00	16020
840	1.000000000000000e+00	15000
841	1.000000000000000e+00	14960
842	1.000000000000000e+00	14100
843	1.000000000000000e+00	14200
844	1.000000000000000e+00	16200
845	1.000000000000000e+00	15520
846	1.000000000000000e+00	14840
847	1.000000000000000e+00	15160
848	1.000000000000000e+00	14420
849	1.000000000000000e+00	13860
850	1.000000000000000e+00	12900
851	1.000000000000000e+00	14100
852	1.000000000000000e+00	14000
853	1.000000000000000e+00	14120
854	1.000000000000000e+00	14200
855	1.000000000000000e+00	13040
856	1.000000000000000e+00	13080
857	1.000000000000000e+00	15080
858	1.000000000000000e+00	14960
859	1.000000000000000e+00	14940
860	1.000000000000000e+00	14560
861	1.000000000000000e+00	13840
862	1.000000000000000e+00	14820
863	1.000000000000000e+00	14380
864	1.000000000000000e+00	14180
865	1.000000000000000e+00	14200
866	1.000000000000000e+00	14500
867	1.000000000000000e+00	15300
868	1.000000000000000e+00	13500
869	1.000000000000000e+00	13600
870	1.000000000000000e+00	14240
871	1.000000000000000e+00	14420
872	1.000000000000000e+00	13420
873	1.000000000000000e+00	14800
874	1.000000000000000e+00	14660
875	1.000000000000000e+00	13500
876	1.000000000000000e+00	14400
877	1.000000000000000e+00	14060
878	1.000000000000000e+00	13500
879	1.000000000000000e+00	12420
880	1.000000000000000e+00	13260
881	1.000000000000000e+00	14320
882	1.000000000000000e+00	14420
883	1.000000000000000e+00	13500
884	1.000000000000000e+00	13860
885	1.000000000000000e+00	13040
886	1.000000000000000e+00	14400
887	1.000000000000000e+00	14020
888	1.000000000000000e+00	13240
889	1.000000000000000e+00	14520
890	1.000000000000000e+00	13880
891	1.000000000000000e+00	14220
892	1.000000000000000e+00	14560
893	1.000000000000000e+00	13520
894	1.000000000000000e+00	14240
895	1.000000000000000e+00	14220
896	1.000000000000000e+00	13360
897	1.000000000000000e+00	13520
898	1.000000000000000e+00	12940
899	1.000000000000000e+00	14200
900	1.000000000000000e+00	14380
901	1.000000000000000e+00	13600
902	1.000000000000000e+00	13260
903	1.000000000000000e+00	14000
904	1.000000000000000e+00	14780
905	1.000000000000000e+00	14180
906	1.000000000000000e+00	14120
907	1.000000000000000e+00	13560
908	1.000000000000000e+00	13800
909	1.000000000000000e+00	14180
910	1.000000000000000e+00	14680
911	1.000000000000000e+00	14560
912	1.000000000000000e+00	13440
913	1.000000000000000e+00	13860
914	1.000000000000000e+00	14120
915	1.000000000000000e+00	13180
916	1.000000000000000e+00	14200
917	1.000000000000000e+00	14100
918	1.000000000000000e+00	14040
919	1.000000000000000e+00	14140
920	1.000000000000000e+00	13720
921	1.000000000000000e+00	13440
922	1.000000000000000e+00	14120
923	1.000000000000000e+00	13900
924	1.000000000000000e+00	12800
925	1.000000000000000e+00	13700
926	1.000000000000000e+00	12600
927	1.000000000000000e+00	12580
928	1.000000000000000e+00	13720
929	1.000000000000000e+00	13720
930	1.000000000000000e+00	13320
931	1.000000000000000e+00	14220
932	1.000000000000000e+00	13400
933	1.000000000000000e+00	13100
934	1.000000000000000e+00	13480
935	1.000000000000000e+00	13800
936	1.000000000000000e+00	13900
937	1.000000000000000e+00	12860
938	1.000000000000000e+00	12480
939	1.000000000000000e+00	14180
940	1.000000000000000e+00	14420
941	1.000000000000000e+00	14220
942	1.000000000000000e+00	14060
943	1.000000000000000e+00	13380
944	1.000000000000000e+00	14820
945	1.000000000000000e+00	14020
946	1.000000000000000e+00	15560
947	1.000000000000000e+00	14160
948	1.000000000000000e+00	15300
949	1.000000000000000e+00	15080
950	1.000000000000000e+00	15620
951	1.000000000000000e+00	15880
952	1.000000000000000e+00	16160
953	1.000000000000000e+00	16340
954	1.000000000000000e+00	14960
955	1.000000000000000e+00	15540
956	1.000000000000000e+00	15140
957	1.000000000000000e+00	16860
958	1.000000000000000e+00	14580
959	1.000000000000000e+00	14960
960	1.000000000000000e+00	15660
961	1.000000000000000e+00	14880
962	1.000000000000000e+00	16240
963	1.000000000000000e+00	15860
964	1.000000000000000e+00	15740
965	9.500000000000001e-01	14800
966	9.500000000000001e-01	14520
967	9.500000000000001e-01	15440
968	9.500000000000001e-01	13640
969	9.500000000000001e-01	14020
970	9.500000000000001e-01	13900
971	9.500000000000001e-01	14940
972	9.500000000000001e-01	14060
973	9.500000000000001e-01	14760
974	9.500000000000001e-01	14660
975	9.500000000000001e-01	14180
976	9.500000000000001e-01	13520
977	9.500000000000001e-01	14160
978	9.500000000000001e-01	14280
979	9.500000000000001e-01	12600
980	9.500000000000001e-01	13440
981	9.500000000000001e-01	14220
982	9.500000000000001e-01	13300
983	9.500000000000001e-01	14280
984	9.500000000000001e-01	13100
985	9.500000000000001e-01	14740
986	9.500000000000001e-01	13100
987	9.500000000000001e-01	13760
988	9.500000000000001e-01	13760
989	9.500000000000001e-01	14020
990	9.500000000000001e-01	13660
991	9.500000000000001e-01	13960
992	9.500000000000001e-01	15420
993	9.500000000000001e-01	14220
994	9.500000000000001e-01	13460
995	9.500000000000001e-01	13600
996	9.500000000000001e-01	14580
997	9.500000000000001e-01	13060
998	9.500000000000001e-01	14680
999	9.500000000000001e-01	14080
1000	9.500000000000001e-01	13620


Tempo gasto: 41.805092
