Método usado: ANTCOLONY OPTIMIZATION

POSIÇÃO	ÁREA(mm²)	CUSTO

1	1.000000000000000e+00	1660
2	1.000000000000000e+00	2120
3	1.000000000000000e+00	2620
4	1.000000000000000e+00	1920
5	1.000000000000000e+00	1720
6	1.000000000000000e+00	2020
7	1.000000000000000e+00	2080
8	1.000000000000000e+00	1800
9	1.000000000000000e+00	2640
10	1.000000000000000e+00	2440
11	1.000000000000000e+00	2120
12	1.000000000000000e+00	2300
13	1.000000000000000e+00	2420
14	1.000000000000000e+00	2100
15	1.000000000000000e+00	1840
16	1.000000000000000e+00	1680
17	1.000000000000000e+00	2100
18	1.000000000000000e+00	2200
19	1.000000000000000e+00	2160
20	1.000000000000000e+00	2320
21	1.000000000000000e+00	1860
22	1.000000000000000e+00	1920
23	1.000000000000000e+00	2140
24	1.000000000000000e+00	1920
25	1.000000000000000e+00	2160
26	1.000000000000000e+00	2320
27	1.000000000000000e+00	2180
28	1.000000000000000e+00	2380
29	1.000000000000000e+00	1920
30	1.000000000000000e+00	2120
31	1.000000000000000e+00	2240
32	1.000000000000000e+00	2060
33	1.000000000000000e+00	2080
34	1.000000000000000e+00	1860
35	1.000000000000000e+00	2100
36	1.000000000000000e+00	2060
37	1.000000000000000e+00	2240
38	1.000000000000000e+00	2060
39	1.000000000000000e+00	2360
40	1.000000000000000e+00	1860
41	1.000000000000000e+00	2280
42	1.000000000000000e+00	2100
43	1.000000000000000e+00	1920
44	1.000000000000000e+00	1740
45	1.000000000000000e+00	2000
46	1.000000000000000e+00	2260
47	1.000000000000000e+00	2040
48	1.000000000000000e+00	1660
49	1.000000000000000e+00	1840
50	1.000000000000000e+00	1800
51	1.000000000000000e+00	1900
52	1.000000000000000e+00	1980
53	1.000000000000000e+00	2200
54	1.000000000000000e+00	1940
55	1.000000000000000e+00	2200
56	1.000000000000000e+00	2220
57	1.000000000000000e+00	2020
58	1.000000000000000e+00	2360
59	1.000000000000000e+00	2420
60	1.000000000000000e+00	2180
61	1.000000000000000e+00	2120
62	1.000000000000000e+00	2200
63	1.000000000000000e+00	2280
64	1.000000000000000e+00	2020
65	1.000000000000000e+00	2380
66	1.000000000000000e+00	2140
67	1.000000000000000e+00	1920
68	1.000000000000000e+00	2180
69	1.000000000000000e+00	1840
70	1.000000000000000e+00	1980
71	1.000000000000000e+00	2540
72	1.000000000000000e+00	2420
73	1.000000000000000e+00	2100
74	1.000000000000000e+00	2100
75	1.000000000000000e+00	1820
76	1.000000000000000e+00	2300
77	1.000000000000000e+00	1980
78	1.000000000000000e+00	2120
79	1.000000000000000e+00	1960
80	1.000000000000000e+00	2380
81	1.000000000000000e+00	2180
82	1.000000000000000e+00	1780
83	1.000000000000000e+00	2320
84	1.000000000000000e+00	2300
85	1.000000000000000e+00	2100
86	1.000000000000000e+00	1900
87	1.000000000000000e+00	2520
88	1.000000000000000e+00	2180
89	1.000000000000000e+00	2220
90	1.000000000000000e+00	1960
91	1.000000000000000e+00	2540
92	1.000000000000000e+00	1860
93	1.000000000000000e+00	2380
94	1.000000000000000e+00	2040
95	1.000000000000000e+00	2300
96	1.000000000000000e+00	1940
97	1.000000000000000e+00	2300
98	1.000000000000000e+00	1980
99	1.000000000000000e+00	2680
100	1.000000000000000e+00	1800
101	1.000000000000000e+00	2000
102	1.000000000000000e+00	1980
103	1.000000000000000e+00	2200
104	1.000000000000000e+00	2220
105	1.000000000000000e+00	1840
106	1.000000000000000e+00	2500
107	1.000000000000000e+00	2080
108	1.000000000000000e+00	1920
109	1.000000000000000e+00	2460
110	1.000000000000000e+00	1820
111	1.000000000000000e+00	2040
112	1.000000000000000e+00	1960
113	1.000000000000000e+00	1540
114	1.000000000000000e+00	1800
115	1.000000000000000e+00	2240
116	1.000000000000000e+00	2160
117	1.000000000000000e+00	2280
118	1.000000000000000e+00	2160
119	1.000000000000000e+00	1800
120	1.000000000000000e+00	2340
121	1.000000000000000e+00	1700
122	1.000000000000000e+00	2080
123	1.000000000000000e+00	2260
124	1.000000000000000e+00	1920
125	1.000000000000000e+00	2360
126	1.000000000000000e+00	2640
127	1.000000000000000e+00	1820
128	1.000000000000000e+00	2160
129	1.000000000000000e+00	2080
130	1.000000000000000e+00	2280
131	1.000000000000000e+00	2280
132	1.000000000000000e+00	2240
133	1.000000000000000e+00	2360
134	1.000000000000000e+00	1560
135	1.000000000000000e+00	2120
136	1.000000000000000e+00	2040
137	1.000000000000000e+00	2240
138	1.000000000000000e+00	2560
139	1.000000000000000e+00	2060
140	1.000000000000000e+00	1820
141	1.000000000000000e+00	2260
142	1.000000000000000e+00	1920
143	1.000000000000000e+00	2160
144	1.000000000000000e+00	2160
145	1.000000000000000e+00	2400
146	1.000000000000000e+00	2000
147	1.000000000000000e+00	2320
148	1.000000000000000e+00	1900
149	1.000000000000000e+00	2220
150	1.000000000000000e+00	2040
151	1.000000000000000e+00	1980
152	1.000000000000000e+00	2320
153	1.000000000000000e+00	2080
154	1.000000000000000e+00	2240
155	1.000000000000000e+00	1960
156	1.000000000000000e+00	2240
157	1.000000000000000e+00	2060
158	1.000000000000000e+00	2500
159	1.000000000000000e+00	2000
160	1.000000000000000e+00	2460
161	1.000000000000000e+00	2260
162	1.000000000000000e+00	2100
163	1.000000000000000e+00	1980
164	1.000000000000000e+00	1880
165	1.000000000000000e+00	2140
166	1.000000000000000e+00	2020
167	1.000000000000000e+00	1820
168	1.000000000000000e+00	2540
169	1.000000000000000e+00	1780
170	1.000000000000000e+00	1740
171	1.000000000000000e+00	2040
172	1.000000000000000e+00	2580
173	1.000000000000000e+00	2220
174	1.000000000000000e+00	2040
175	1.000000000000000e+00	2080
176	1.000000000000000e+00	2040
177	1.000000000000000e+00	2000
178	1.000000000000000e+00	2300
179	1.000000000000000e+00	2200
180	1.000000000000000e+00	2100
181	1.000000000000000e+00	2260
182	1.000000000000000e+00	2140
183	1.000000000000000e+00	1880
184	1.000000000000000e+00	2600
185	1.000000000000000e+00	1980
186	1.000000000000000e+00	2240
187	1.000000000000000e+00	2260
188	1.000000000000000e+00	1880
189	1.000000000000000e+00	2020
190	1.000000000000000e+00	2020
191	1.000000000000000e+00	1840
192	1.000000000000000e+00	2600
193	1.000000000000000e+00	1600
194	1.000000000000000e+00	1940
195	1.000000000000000e+00	2320
196	1.000000000000000e+00	2000
197	1.000000000000000e+00	2220
198	1.000000000000000e+00	2020
199	1.000000000000000e+00	1880
200	1.000000000000000e+00	1780
201	1.000000000000000e+00	1880
202	1.000000000000000e+00	2020
203	1.000000000000000e+00	2120
204	1.000000000000000e+00	1740
205	1.000000000000000e+00	1920
206	1.000000000000000e+00	2120
207	1.000000000000000e+00	1940
208	1.000000000000000e+00	2240
209	1.000000000000000e+00	2140
210	1.000000000000000e+00	2120
211	1.000000000000000e+00	2000
212	1.000000000000000e+00	2480
213	1.000000000000000e+00	1960
214	1.000000000000000e+00	2200
215	1.000000000000000e+00	2260
216	1.000000000000000e+00	2280
217	1.000000000000000e+00	1960
218	1.000000000000000e+00	2220
219	1.000000000000000e+00	2180
220	1.000000000000000e+00	2180
221	1.000000000000000e+00	2060
222	1.000000000000000e+00	1920
223	1.000000000000000e+00	2020
224	1.000000000000000e+00	1880
225	1.000000000000000e+00	1940
226	1.000000000000000e+00	2080
227	1.000000000000000e+00	2200
228	1.000000000000000e+00	2280
229	1.000000000000000e+00	2160
230	1.000000000000000e+00	2080
231	1.000000000000000e+00	2200
232	1.000000000000000e+00	1960
233	1.000000000000000e+00	2380
234	1.000000000000000e+00	1920
235	1.000000000000000e+00	1820
236	1.000000000000000e+00	1940
237	1.000000000000000e+00	1600
238	1.000000000000000e+00	2040
239	1.000000000000000e+00	2000
240	1.000000000000000e+00	2000
241	1.000000000000000e+00	1780
242	1.000000000000000e+00	1860
243	1.000000000000000e+00	2080
244	1.000000000000000e+00	1680
245	1.000000000000000e+00	1860
246	1.000000000000000e+00	2240
247	1.000000000000000e+00	2000
248	1.000000000000000e+00	2200
249	1.000000000000000e+00	2200
250	1.000000000000000e+00	1760
251	1.000000000000000e+00	2440
252	1.000000000000000e+00	1840
253	1.000000000000000e+00	1880
254	1.000000000000000e+00	2100
255	1.000000000000000e+00	1820
256	1.000000000000000e+00	1880
257	1.000000000000000e+00	1980
258	1.000000000000000e+00	2160
259	1.000000000000000e+00	2220
260	1.000000000000000e+00	1880
261	1.000000000000000e+00	1860
262	1.000000000000000e+00	2040
263	1.000000000000000e+00	1800
264	1.000000000000000e+00	2220
265	1.000000000000000e+00	2260
266	1.000000000000000e+00	2240
267	1.000000000000000e+00	2040
268	1.000000000000000e+00	1920
269	1.000000000000000e+00	2240
270	1.000000000000000e+00	2180
271	1.000000000000000e+00	2160
272	1.000000000000000e+00	2040
273	1.000000000000000e+00	1820
274	1.000000000000000e+00	1980
275	1.000000000000000e+00	1700
276	1.000000000000000e+00	2140
277	1.000000000000000e+00	2120
278	1.000000000000000e+00	2020
279	1.000000000000000e+00	1780
280	1.000000000000000e+00	2260
281	1.000000000000000e+00	2220
282	1.000000000000000e+00	2320
283	1.000000000000000e+00	1860
284	1.000000000000000e+00	1940
285	1.000000000000000e+00	2040
286	1.000000000000000e+00	1900
287	1.000000000000000e+00	1820
288	1.000000000000000e+00	2460
289	1.000000000000000e+00	2420
290	1.000000000000000e+00	2240
291	1.000000000000000e+00	1960
292	1.000000000000000e+00	2480
293	1.000000000000000e+00	1840
294	1.000000000000000e+00	2180
295	1.000000000000000e+00	2040
296	1.000000000000000e+00	2200
297	1.000000000000000e+00	2300
298	1.000000000000000e+00	1880
299	1.000000000000000e+00	2080
300	1.000000000000000e+00	2320
301	1.000000000000000e+00	2020
302	1.000000000000000e+00	2120
303	1.000000000000000e+00	2340
304	1.000000000000000e+00	2260
305	1.000000000000000e+00	1920
306	1.000000000000000e+00	1900
307	1.000000000000000e+00	1940
308	1.000000000000000e+00	2240
309	1.000000000000000e+00	1840
310	1.000000000000000e+00	1940
311	1.000000000000000e+00	2060
312	1.000000000000000e+00	1880
313	1.000000000000000e+00	2320
314	1.000000000000000e+00	2200
315	1.000000000000000e+00	1960
316	1.000000000000000e+00	2140
317	1.000000000000000e+00	2160
318	1.000000000000000e+00	2380
319	1.000000000000000e+00	1980
320	1.000000000000000e+00	2340
321	1.000000000000000e+00	2460
322	1.000000000000000e+00	2340
323	1.000000000000000e+00	1800
324	1.000000000000000e+00	2280
325	1.000000000000000e+00	2020
326	1.000000000000000e+00	2100
327	1.000000000000000e+00	1960
328	1.000000000000000e+00	1900
329	1.000000000000000e+00	2080
330	1.000000000000000e+00	2120
331	1.000000000000000e+00	1800
332	1.000000000000000e+00	2120
333	1.000000000000000e+00	1780
334	1.000000000000000e+00	1760
335	1.000000000000000e+00	1980
336	1.000000000000000e+00	1620
337	1.000000000000000e+00	2020
338	1.000000000000000e+00	2160
339	1.000000000000000e+00	1720
340	1.000000000000000e+00	2580
341	1.000000000000000e+00	2280
342	1.000000000000000e+00	1740
343	1.000000000000000e+00	1980
344	1.000000000000000e+00	2120
345	1.000000000000000e+00	2240
346	1.000000000000000e+00	2080
347	1.000000000000000e+00	2540
348	1.000000000000000e+00	2360
349	1.000000000000000e+00	1780
350	1.000000000000000e+00	1820
351	1.000000000000000e+00	2100
352	1.000000000000000e+00	2060
353	1.000000000000000e+00	2280
354	1.000000000000000e+00	2440
355	1.000000000000000e+00	2380
356	1.000000000000000e+00	2200
357	1.000000000000000e+00	2240
358	1.000000000000000e+00	2360
359	1.000000000000000e+00	2040
360	1.000000000000000e+00	1800
361	1.000000000000000e+00	2140
362	1.000000000000000e+00	2320
363	1.000000000000000e+00	2560
364	1.000000000000000e+00	1860
365	1.000000000000000e+00	2120
366	1.000000000000000e+00	2700
367	1.000000000000000e+00	2000
368	1.000000000000000e+00	2000
369	1.000000000000000e+00	1880
370	1.000000000000000e+00	2080
371	1.000000000000000e+00	1940
372	1.000000000000000e+00	2000
373	1.000000000000000e+00	1900
374	1.000000000000000e+00	1940
375	1.000000000000000e+00	2060
376	1.000000000000000e+00	1960
377	1.000000000000000e+00	2460
378	1.000000000000000e+00	1980
379	1.000000000000000e+00	2000
380	1.000000000000000e+00	2120
381	1.000000000000000e+00	1880
382	1.000000000000000e+00	2400
383	1.000000000000000e+00	2120
384	1.000000000000000e+00	2040
385	1.000000000000000e+00	2080
386	1.000000000000000e+00	2280
387	1.000000000000000e+00	2220
388	1.000000000000000e+00	2040
389	1.000000000000000e+00	2400
390	1.000000000000000e+00	2180
391	1.000000000000000e+00	2280
392	1.000000000000000e+00	1880
393	1.000000000000000e+00	2040
394	1.000000000000000e+00	2440
395	1.000000000000000e+00	2280
396	1.000000000000000e+00	2240
397	1.000000000000000e+00	2140
398	1.000000000000000e+00	2080
399	1.000000000000000e+00	2300
400	1.000000000000000e+00	2200
401	1.000000000000000e+00	2060
402	1.000000000000000e+00	1780
403	1.000000000000000e+00	1920
404	1.000000000000000e+00	2240
405	1.000000000000000e+00	1900
406	1.000000000000000e+00	2020
407	1.000000000000000e+00	2100
408	1.000000000000000e+00	2140
409	1.000000000000000e+00	2160
410	1.000000000000000e+00	2140
411	1.000000000000000e+00	1920
412	1.000000000000000e+00	1980
413	1.000000000000000e+00	2320
414	1.000000000000000e+00	1800
415	1.000000000000000e+00	2240
416	1.000000000000000e+00	1860
417	1.000000000000000e+00	2000
418	1.000000000000000e+00	2040
419	1.000000000000000e+00	1860
420	1.000000000000000e+00	2300
421	1.000000000000000e+00	1960
422	1.000000000000000e+00	2000
423	1.000000000000000e+00	2380
424	1.000000000000000e+00	2080
425	1.000000000000000e+00	2140
426	1.000000000000000e+00	2340
427	1.000000000000000e+00	2020
428	1.000000000000000e+00	2220
429	1.000000000000000e+00	2240
430	1.000000000000000e+00	2560
431	1.000000000000000e+00	3000
432	1.000000000000000e+00	1900
433	1.000000000000000e+00	1740
434	1.000000000000000e+00	2380
435	1.000000000000000e+00	2200
436	1.000000000000000e+00	2000
437	1.000000000000000e+00	2540
438	1.000000000000000e+00	2120
439	1.000000000000000e+00	2040
440	1.000000000000000e+00	2260
441	1.000000000000000e+00	2000
442	1.000000000000000e+00	1940
443	1.000000000000000e+00	2040
444	1.000000000000000e+00	1600
445	1.000000000000000e+00	1880
446	1.000000000000000e+00	2040
447	1.000000000000000e+00	1920
448	1.000000000000000e+00	2080
449	1.000000000000000e+00	2280
450	1.000000000000000e+00	2060
451	1.000000000000000e+00	2380
452	1.000000000000000e+00	2460
453	1.000000000000000e+00	1680
454	1.000000000000000e+00	2360
455	1.000000000000000e+00	2160
456	1.000000000000000e+00	1960
457	1.000000000000000e+00	2200
458	1.000000000000000e+00	1980
459	1.000000000000000e+00	2420
460	1.000000000000000e+00	1960
461	1.000000000000000e+00	2280
462	1.000000000000000e+00	2000
463	1.000000000000000e+00	2180
464	1.000000000000000e+00	2020
465	1.000000000000000e+00	2080
466	1.000000000000000e+00	1880
467	1.000000000000000e+00	2760
468	1.000000000000000e+00	2300
469	1.000000000000000e+00	1800
470	1.000000000000000e+00	2440
471	1.000000000000000e+00	1840
472	1.000000000000000e+00	2060
473	1.000000000000000e+00	2080
474	1.000000000000000e+00	1880
475	1.000000000000000e+00	2040
476	1.000000000000000e+00	1840
477	1.000000000000000e+00	2340
478	1.000000000000000e+00	1900
479	1.000000000000000e+00	2120
480	1.000000000000000e+00	2020
481	1.000000000000000e+00	2080
482	1.000000000000000e+00	1940
483	1.000000000000000e+00	1880
484	1.000000000000000e+00	1980
485	1.000000000000000e+00	2260
486	1.000000000000000e+00	2200
487	1.000000000000000e+00	2420
488	1.000000000000000e+00	2120
489	1.000000000000000e+00	2300
490	1.000000000000000e+00	1800
491	9.500000000000001e-01	3900
492	9.000000000000000e-01	3880
493	8.500000000000001e-01	17400
494	8.000000000000000e-01	17400
495	7.500000000000000e-01	4280
496	7.000000000000001e-01	3760
497	6.500000000000000e-01	3460
498	6.000000000000001e-01	3720
499	5.500000000000000e-01	3560
500	5.000000000000000e-01	3580
501	5.500000000000000e-01	3880
502	6.000000000000001e-01	3820
503	6.500000000000000e-01	3560
504	7.000000000000001e-01	3680
505	7.500000000000000e-01	4040
506	8.000000000000000e-01	3480
507	8.500000000000001e-01	3740
508	9.000000000000000e-01	3300
509	9.500000000000001e-01	3640
510	9.000000000000000e-01	3520
511	8.500000000000001e-01	3420
512	8.000000000000000e-01	3880
513	7.500000000000000e-01	3680
514	8.000000000000000e-01	3780
515	8.500000000000001e-01	3920
516	9.000000000000000e-01	3560
517	9.500000000000001e-01	3520
518	1.000000000000000e+00	3380
519	1.000000000000000e+00	3720
520	1.000000000000000e+00	3540
521	1.000000000000000e+00	4020
522	1.000000000000000e+00	3340
523	1.000000000000000e+00	3440
524	1.000000000000000e+00	3580
525	1.000000000000000e+00	3880
526	1.000000000000000e+00	3460
527	1.000000000000000e+00	3400
528	1.000000000000000e+00	3640
529	1.000000000000000e+00	2120
530	1.000000000000000e+00	3760
531	1.000000000000000e+00	3780
532	1.000000000000000e+00	2260
533	1.000000000000000e+00	2620
534	1.000000000000000e+00	2040
535	1.000000000000000e+00	3740
536	1.000000000000000e+00	2420
537	1.000000000000000e+00	3680
538	1.000000000000000e+00	3360
539	1.000000000000000e+00	3800
540	1.000000000000000e+00	3480
541	1.000000000000000e+00	3880
542	1.000000000000000e+00	2580
543	1.000000000000000e+00	3940
544	1.000000000000000e+00	2780
545	1.000000000000000e+00	2940
546	1.000000000000000e+00	2760
547	1.000000000000000e+00	2980
548	1.000000000000000e+00	2500
549	1.000000000000000e+00	2340
550	1.000000000000000e+00	2620
551	1.000000000000000e+00	2720
552	1.000000000000000e+00	2520
553	1.000000000000000e+00	2520
554	1.000000000000000e+00	2360
555	1.000000000000000e+00	2280
556	1.000000000000000e+00	2200
557	1.000000000000000e+00	2680
558	1.000000000000000e+00	2760
559	1.000000000000000e+00	2640
560	1.000000000000000e+00	3480
561	1.000000000000000e+00	2320
562	1.000000000000000e+00	2900
563	1.000000000000000e+00	1880
564	1.000000000000000e+00	2500
565	1.000000000000000e+00	2360
566	1.000000000000000e+00	2240
567	1.000000000000000e+00	2540
568	1.000000000000000e+00	2560
569	1.000000000000000e+00	2580
570	1.000000000000000e+00	2600
571	1.000000000000000e+00	2460
572	1.000000000000000e+00	2500
573	1.000000000000000e+00	2800
574	1.000000000000000e+00	3140
575	1.000000000000000e+00	2580
576	1.000000000000000e+00	2840
577	1.000000000000000e+00	2620
578	1.000000000000000e+00	2520
579	1.000000000000000e+00	3140
580	1.000000000000000e+00	3100
581	1.000000000000000e+00	2760
582	1.000000000000000e+00	2640
583	1.000000000000000e+00	2640
584	1.000000000000000e+00	2920
585	1.000000000000000e+00	3340
586	1.000000000000000e+00	3160
587	1.000000000000000e+00	3240
588	1.000000000000000e+00	3220
589	1.000000000000000e+00	2780
590	1.000000000000000e+00	2700
591	1.000000000000000e+00	2720
592	1.000000000000000e+00	2280
593	1.000000000000000e+00	2700
594	1.000000000000000e+00	2380
595	1.000000000000000e+00	2560
596	1.000000000000000e+00	2780
597	1.000000000000000e+00	2160
598	1.000000000000000e+00	2740
599	1.000000000000000e+00	2560
600	1.000000000000000e+00	2460
601	1.000000000000000e+00	2660
602	1.000000000000000e+00	2000
603	1.000000000000000e+00	2720
604	1.000000000000000e+00	2440
605	1.000000000000000e+00	2380
606	1.000000000000000e+00	2560
607	1.000000000000000e+00	2600
608	1.000000000000000e+00	2520
609	1.000000000000000e+00	2320
610	1.000000000000000e+00	2500
611	1.000000000000000e+00	2500
612	1.000000000000000e+00	3320
613	1.000000000000000e+00	2340
614	1.000000000000000e+00	2340
615	1.000000000000000e+00	2400
616	1.000000000000000e+00	2400
617	1.000000000000000e+00	2640
618	1.000000000000000e+00	2720
619	1.000000000000000e+00	3080
620	1.000000000000000e+00	2240
621	1.000000000000000e+00	2180
622	1.000000000000000e+00	2660
623	1.000000000000000e+00	2420
624	1.000000000000000e+00	2580
625	1.000000000000000e+00	2400
626	1.000000000000000e+00	3300
627	1.000000000000000e+00	2220
628	1.000000000000000e+00	2640
629	1.000000000000000e+00	2500
630	1.000000000000000e+00	2560
631	1.000000000000000e+00	2480
632	1.000000000000000e+00	2100
633	1.000000000000000e+00	2740
634	1.000000000000000e+00	2500
635	1.000000000000000e+00	2680
636	1.000000000000000e+00	2960
637	1.000000000000000e+00	2640
638	1.000000000000000e+00	2100
639	1.000000000000000e+00	2420
640	1.000000000000000e+00	2080
641	1.000000000000000e+00	2460
642	1.000000000000000e+00	2240
643	1.000000000000000e+00	2480
644	1.000000000000000e+00	2200
645	1.000000000000000e+00	2300
646	1.000000000000000e+00	2540
647	1.000000000000000e+00	2320
648	1.000000000000000e+00	2100
649	1.000000000000000e+00	2120
650	1.000000000000000e+00	2460
651	1.000000000000000e+00	2580
652	1.000000000000000e+00	2520
653	1.000000000000000e+00	2800
654	1.000000000000000e+00	3000
655	1.000000000000000e+00	2060
656	1.000000000000000e+00	2220
657	1.000000000000000e+00	2580
658	1.000000000000000e+00	1940
659	1.000000000000000e+00	2200
660	1.000000000000000e+00	2420
661	1.000000000000000e+00	2140
662	1.000000000000000e+00	2120
663	1.000000000000000e+00	1780
664	1.000000000000000e+00	2360
665	1.000000000000000e+00	2080
666	1.000000000000000e+00	1700
667	1.000000000000000e+00	2360
668	1.000000000000000e+00	2300
669	1.000000000000000e+00	2440
670	1.000000000000000e+00	2300
671	1.000000000000000e+00	2220
672	1.000000000000000e+00	1860
673	1.000000000000000e+00	1620
674	1.000000000000000e+00	2460
675	1.000000000000000e+00	2000
676	1.000000000000000e+00	2480
677	1.000000000000000e+00	2680
678	1.000000000000000e+00	1940
679	1.000000000000000e+00	2260
680	1.000000000000000e+00	2360
681	1.000000000000000e+00	2500
682	1.000000000000000e+00	2600
683	1.000000000000000e+00	2260
684	1.000000000000000e+00	2240
685	1.000000000000000e+00	2460
686	1.000000000000000e+00	2140
687	1.000000000000000e+00	2640
688	1.000000000000000e+00	2360
689	1.000000000000000e+00	2460
690	1.000000000000000e+00	2760
691	1.000000000000000e+00	2340
692	1.000000000000000e+00	2140
693	1.000000000000000e+00	2380
694	1.000000000000000e+00	2400
695	1.000000000000000e+00	2280
696	1.000000000000000e+00	2260
697	1.000000000000000e+00	2240
698	1.000000000000000e+00	2220
699	1.000000000000000e+00	2460
700	1.000000000000000e+00	2620
701	1.000000000000000e+00	2160
702	1.000000000000000e+00	1900
703	1.000000000000000e+00	2380
704	1.000000000000000e+00	2280
705	1.000000000000000e+00	2240
706	1.000000000000000e+00	2040
707	1.000000000000000e+00	2400
708	1.000000000000000e+00	2080
709	1.000000000000000e+00	1660
710	1.000000000000000e+00	2040
711	1.000000000000000e+00	2240
712	1.000000000000000e+00	2100
713	1.000000000000000e+00	2180
714	1.000000000000000e+00	2160
715	1.000000000000000e+00	2400
716	1.000000000000000e+00	2680
717	1.000000000000000e+00	2480
718	1.000000000000000e+00	2440
719	1.000000000000000e+00	2620
720	1.000000000000000e+00	2780
721	1.000000000000000e+00	2080
722	1.000000000000000e+00	2160
723	1.000000000000000e+00	2240
724	1.000000000000000e+00	2220
725	1.000000000000000e+00	2400
726	1.000000000000000e+00	2640
727	1.000000000000000e+00	2760
728	1.000000000000000e+00	1960
729	1.000000000000000e+00	3000
730	1.000000000000000e+00	2500
731	1.000000000000000e+00	2660
732	1.000000000000000e+00	2500
733	1.000000000000000e+00	2000
734	1.000000000000000e+00	3000
735	1.000000000000000e+00	2100
736	1.000000000000000e+00	1940
737	1.000000000000000e+00	2600
738	1.000000000000000e+00	2300
739	1.000000000000000e+00	2560
740	1.000000000000000e+00	2120
741	1.000000000000000e+00	2620
742	1.000000000000000e+00	2360
743	1.000000000000000e+00	2100
744	1.000000000000000e+00	1740
745	1.000000000000000e+00	1880
746	1.000000000000000e+00	1820
747	1.000000000000000e+00	2000
748	1.000000000000000e+00	2160
749	1.000000000000000e+00	1940
750	1.000000000000000e+00	2200
751	1.000000000000000e+00	1940
752	1.000000000000000e+00	1820
753	1.000000000000000e+00	2240
754	1.000000000000000e+00	1780
755	1.000000000000000e+00	1860
756	1.000000000000000e+00	2300
757	1.000000000000000e+00	2520
758	1.000000000000000e+00	2120
759	1.000000000000000e+00	1680
760	1.000000000000000e+00	2360
761	1.000000000000000e+00	2160
762	1.000000000000000e+00	2560
763	1.000000000000000e+00	2480
764	1.000000000000000e+00	2180
765	1.000000000000000e+00	1940
766	1.000000000000000e+00	1680
767	1.000000000000000e+00	2380
768	1.000000000000000e+00	2580
769	1.000000000000000e+00	2320
770	1.000000000000000e+00	1960
771	1.000000000000000e+00	2080
772	1.000000000000000e+00	1900
773	1.000000000000000e+00	2000
774	1.000000000000000e+00	2500
775	1.000000000000000e+00	2000
776	1.000000000000000e+00	2520
777	1.000000000000000e+00	2100
778	1.000000000000000e+00	2140
779	1.000000000000000e+00	2240
780	1.000000000000000e+00	2080
781	1.000000000000000e+00	2260
782	1.000000000000000e+00	2380
783	1.000000000000000e+00	2280
784	1.000000000000000e+00	2360
785	1.000000000000000e+00	2480
786	1.000000000000000e+00	2100
787	1.000000000000000e+00	1740
788	1.000000000000000e+00	3140
789	1.000000000000000e+00	2500
790	1.000000000000000e+00	2780
791	1.000000000000000e+00	2500
792	1.000000000000000e+00	2480
793	1.000000000000000e+00	2340
794	1.000000000000000e+00	2300
795	1.000000000000000e+00	2560
796	1.000000000000000e+00	2200
797	1.000000000000000e+00	2260
798	1.000000000000000e+00	2520
799	1.000000000000000e+00	2460
800	1.000000000000000e+00	2740
801	1.000000000000000e+00	2520
802	1.000000000000000e+00	2920
803	1.000000000000000e+00	2500
804	1.000000000000000e+00	2560
805	1.000000000000000e+00	2420
806	1.000000000000000e+00	2600
807	1.000000000000000e+00	2640
808	1.000000000000000e+00	2780
809	1.000000000000000e+00	2380
810	1.000000000000000e+00	2420
811	1.000000000000000e+00	2020
812	1.000000000000000e+00	2900
813	1.000000000000000e+00	2680
814	1.000000000000000e+00	2840
815	1.000000000000000e+00	2460
816	1.000000000000000e+00	2240
817	1.000000000000000e+00	2720
818	1.000000000000000e+00	2440
819	1.000000000000000e+00	2620
820	1.000000000000000e+00	2560
821	1.000000000000000e+00	2540
822	1.000000000000000e+00	2660
823	1.000000000000000e+00	2540
824	1.000000000000000e+00	2520
825	1.000000000000000e+00	2840
826	1.000000000000000e+00	2080
827	1.000000000000000e+00	2440
828	1.000000000000000e+00	2280
829	1.000000000000000e+00	2540
830	1.000000000000000e+00	2100
831	1.000000000000000e+00	2580
832	1.000000000000000e+00	2040
833	1.000000000000000e+00	2520
834	1.000000000000000e+00	2420
835	1.000000000000000e+00	2720
836	1.000000000000000e+00	2160
837	1.000000000000000e+00	2480
838	1.000000000000000e+00	2100
839	1.000000000000000e+00	2580
840	1.000000000000000e+00	2720
841	1.000000000000000e+00	2060
842	1.000000000000000e+00	2340
843	1.000000000000000e+00	2000
844	1.000000000000000e+00	2620
845	1.000000000000000e+00	2400
846	1.000000000000000e+00	1920
847	1.000000000000000e+00	1940
848	1.000000000000000e+00	2220
849	1.000000000000000e+00	1800
850	1.000000000000000e+00	2080
851	1.000000000000000e+00	2100
852	1.000000000000000e+00	2140
853	1.000000000000000e+00	2200
854	1.000000000000000e+00	2440
855	1.000000000000000e+00	2400
856	1.000000000000000e+00	2080
857	1.000000000000000e+00	2640
858	1.000000000000000e+00	2740
859	1.000000000000000e+00	2500
860	1.000000000000000e+00	2200
861	1.000000000000000e+00	2440
862	1.000000000000000e+00	2760
863	1.000000000000000e+00	2400
864	1.000000000000000e+00	2320
865	1.000000000000000e+00	2640
866	1.000000000000000e+00	2620
867	1.000000000000000e+00	3320
868	1.000000000000000e+00	2220
869	1.000000000000000e+00	1840
870	1.000000000000000e+00	2320
871	1.000000000000000e+00	2280
872	1.000000000000000e+00	2080
873	1.000000000000000e+00	2760
874	1.000000000000000e+00	2400
875	1.000000000000000e+00	2220
876	1.000000000000000e+00	2360
877	1.000000000000000e+00	2360
878	1.000000000000000e+00	2540
879	1.000000000000000e+00	1600
880	1.000000000000000e+00	2300
881	1.000000000000000e+00	2600
882	1.000000000000000e+00	2340
883	1.000000000000000e+00	2620
884	1.000000000000000e+00	2240
885	1.000000000000000e+00	2300
886	1.000000000000000e+00	2760
887	1.000000000000000e+00	2080
888	1.000000000000000e+00	2540
889	1.000000000000000e+00	2300
890	1.000000000000000e+00	2200
891	1.000000000000000e+00	2420
892	1.000000000000000e+00	2440
893	1.000000000000000e+00	2080
894	1.000000000000000e+00	2060
895	1.000000000000000e+00	2200
896	1.000000000000000e+00	2440
897	1.000000000000000e+00	2360
898	1.000000000000000e+00	2200
899	1.000000000000000e+00	2500
900	1.000000000000000e+00	2080
901	1.000000000000000e+00	2000
902	1.000000000000000e+00	2380
903	1.000000000000000e+00	2200
904	1.000000000000000e+00	2580
905	1.000000000000000e+00	2340
906	1.000000000000000e+00	2080
907	1.000000000000000e+00	2380
908	1.000000000000000e+00	2880
909	1.000000000000000e+00	2020
910	1.000000000000000e+00	2320
911	1.000000000000000e+00	2100
912	1.000000000000000e+00	2420
913	1.000000000000000e+00	2000
914	1.000000000000000e+00	2180
915	1.000000000000000e+00	1900
916	1.000000000000000e+00	2540
917	1.000000000000000e+00	2020
918	1.000000000000000e+00	2920
919	1.000000000000000e+00	2020
920	1.000000000000000e+00	1880
921	1.000000000000000e+00	1800
922	1.000000000000000e+00	2060
923	1.000000000000000e+00	2060
924	1.000000000000000e+00	1920
925	1.000000000000000e+00	2220
926	1.000000000000000e+00	2340
927	1.000000000000000e+00	2540
928	1.000000000000000e+00	2440
929	1.000000000000000e+00	2240
930	1.000000000000000e+00	2400
931	1.000000000000000e+00	2200
932	1.000000000000000e+00	2680
933	1.000000000000000e+00	2140
934	1.000000000000000e+00	2420
935	1.000000000000000e+00	2080
936	1.000000000000000e+00	2160
937	1.000000000000000e+00	2020
938	1.000000000000000e+00	2160
939	1.000000000000000e+00	2320
940	1.000000000000000e+00	2200
941	1.000000000000000e+00	1980
942	1.000000000000000e+00	2280
943	1.000000000000000e+00	2900
944	1.000000000000000e+00	2600
945	1.000000000000000e+00	2560
946	1.000000000000000e+00	2660
947	1.000000000000000e+00	2480
948	1.000000000000000e+00	2660
949	1.000000000000000e+00	2880
950	1.000000000000000e+00	2940
951	1.000000000000000e+00	2420
952	1.000000000000000e+00	2980
953	1.000000000000000e+00	2860
954	1.000000000000000e+00	2700
955	1.000000000000000e+00	2600
956	1.000000000000000e+00	2280
957	1.000000000000000e+00	2140
958	1.000000000000000e+00	2360
959	1.000000000000000e+00	2420
960	1.000000000000000e+00	2360
961	1.000000000000000e+00	2480
962	1.000000000000000e+00	3040
963	1.000000000000000e+00	2580
964	1.000000000000000e+00	2660
965	1.000000000000000e+00	2180
966	1.000000000000000e+00	2420
967	1.000000000000000e+00	2040
968	1.000000000000000e+00	2160
969	1.000000000000000e+00	2000
970	1.000000000000000e+00	2180
971	1.000000000000000e+00	2760
972	1.000000000000000e+00	2420
973	1.000000000000000e+00	2420
974	1.000000000000000e+00	2580
975	1.000000000000000e+00	2300
976	1.000000000000000e+00	2520
977	1.000000000000000e+00	2420
978	1.000000000000000e+00	2780
979	1.000000000000000e+00	1780
980	1.000000000000000e+00	2400
981	1.000000000000000e+00	2440
982	1.000000000000000e+00	2360
983	1.000000000000000e+00	2260
984	1.000000000000000e+00	2340
985	1.000000000000000e+00	2480
986	1.000000000000000e+00	2020
987	1.000000000000000e+00	2420
988	1.000000000000000e+00	2380
989	1.000000000000000e+00	2420
990	1.000000000000000e+00	1840
991	1.000000000000000e+00	3000
992	1.000000000000000e+00	2580
993	1.000000000000000e+00	2820
994	1.000000000000000e+00	2600
995	1.000000000000000e+00	2760
996	1.000000000000000e+00	2820
997	1.000000000000000e+00	2060
998	1.000000000000000e+00	3100
999	1.000000000000000e+00	2540
1000	1.000000000000000e+00	2580


Tempo gasto: 21.201550
