Método usado: ANTCOLONY OPTIMIZATION

POSIÇÃO	ÁREA(mm²)	CUSTO

1	1.000000000000000e+00	13420
2	1.000000000000000e+00	13840
3	1.000000000000000e+00	13320
4	1.000000000000000e+00	15480
5	1.000000000000000e+00	13020
6	1.000000000000000e+00	13860
7	1.000000000000000e+00	12580
8	1.000000000000000e+00	12540
9	1.000000000000000e+00	15480
10	1.000000000000000e+00	13720
11	1.000000000000000e+00	13780
12	1.000000000000000e+00	12880
13	1.000000000000000e+00	13240
14	1.000000000000000e+00	13120
15	1.000000000000000e+00	13580
16	1.000000000000000e+00	13160
17	1.000000000000000e+00	14180
18	1.000000000000000e+00	13040
19	1.000000000000000e+00	13220
20	1.000000000000000e+00	13600
21	1.000000000000000e+00	13400
22	1.000000000000000e+00	13360
23	1.000000000000000e+00	12960
24	1.000000000000000e+00	13000
25	1.000000000000000e+00	13820
26	1.000000000000000e+00	14220
27	1.000000000000000e+00	13160
28	1.000000000000000e+00	14340
29	1.000000000000000e+00	13700
30	1.000000000000000e+00	13500
31	1.000000000000000e+00	12940
32	1.000000000000000e+00	14660
33	1.000000000000000e+00	13840
34	1.000000000000000e+00	13180
35	1.000000000000000e+00	12500
36	1.000000000000000e+00	13260
37	1.000000000000000e+00	13840
38	1.000000000000000e+00	13000
39	1.000000000000000e+00	13820
40	1.000000000000000e+00	12860
41	1.000000000000000e+00	14120
42	1.000000000000000e+00	13840
43	1.000000000000000e+00	13740
44	1.000000000000000e+00	12020
45	1.000000000000000e+00	13500
46	1.000000000000000e+00	13720
47	1.000000000000000e+00	13260
48	1.000000000000000e+00	13320
49	1.000000000000000e+00	13860
50	1.000000000000000e+00	13020
51	1.000000000000000e+00	13780
52	1.000000000000000e+00	13960
53	1.000000000000000e+00	13520
54	1.000000000000000e+00	13800
55	1.000000000000000e+00	13480
56	1.000000000000000e+00	12440
57	1.000000000000000e+00	13200
58	1.000000000000000e+00	12640
59	1.000000000000000e+00	14200
60	1.000000000000000e+00	14520
61	1.000000000000000e+00	13480
62	1.000000000000000e+00	14480
63	1.000000000000000e+00	14160
64	1.000000000000000e+00	13100
65	1.000000000000000e+00	13940
66	1.000000000000000e+00	13140
67	1.000000000000000e+00	12960
68	1.000000000000000e+00	13480
69	1.000000000000000e+00	13520
70	1.000000000000000e+00	14340
71	1.000000000000000e+00	13140
72	1.000000000000000e+00	14040
73	1.000000000000000e+00	13020
74	1.000000000000000e+00	13280
75	1.000000000000000e+00	13980
76	1.000000000000000e+00	13220
77	1.000000000000000e+00	12220
78	1.000000000000000e+00	13660
79	1.000000000000000e+00	13420
80	1.000000000000000e+00	13500
81	1.000000000000000e+00	13720
82	1.000000000000000e+00	13120
83	1.000000000000000e+00	14300
84	1.000000000000000e+00	13940
85	1.000000000000000e+00	13520
86	1.000000000000000e+00	13520
87	1.000000000000000e+00	14120
88	1.000000000000000e+00	14400
89	1.000000000000000e+00	13320
90	1.000000000000000e+00	13460
91	1.000000000000000e+00	14680
92	1.000000000000000e+00	14340
93	1.000000000000000e+00	13740
94	1.000000000000000e+00	13280
95	1.000000000000000e+00	13620
96	1.000000000000000e+00	12700
97	1.000000000000000e+00	14720
98	1.000000000000000e+00	12820
99	1.000000000000000e+00	13800
100	1.000000000000000e+00	13640
101	1.000000000000000e+00	13880
102	1.000000000000000e+00	13700
103	1.000000000000000e+00	14360
104	1.000000000000000e+00	13360
105	1.000000000000000e+00	13320
106	1.000000000000000e+00	13580
107	1.000000000000000e+00	14080
108	1.000000000000000e+00	13140
109	1.000000000000000e+00	14380
110	1.000000000000000e+00	12620
111	1.000000000000000e+00	13840
112	1.000000000000000e+00	13320
113	1.000000000000000e+00	13320
114	1.000000000000000e+00	13480
115	1.000000000000000e+00	13520
116	1.000000000000000e+00	13060
117	1.000000000000000e+00	13460
118	1.000000000000000e+00	14060
119	1.000000000000000e+00	13120
120	1.000000000000000e+00	13760
121	1.000000000000000e+00	12100
122	1.000000000000000e+00	13760
123	1.000000000000000e+00	14360
124	1.000000000000000e+00	14380
125	1.000000000000000e+00	14660
126	1.000000000000000e+00	14520
127	1.000000000000000e+00	13140
128	1.000000000000000e+00	13680
129	1.000000000000000e+00	13660
130	1.000000000000000e+00	13320
131	1.000000000000000e+00	14260
132	1.000000000000000e+00	13580
133	1.000000000000000e+00	13920
134	1.000000000000000e+00	12720
135	1.000000000000000e+00	12620
136	1.000000000000000e+00	12580
137	1.000000000000000e+00	13520
138	1.000000000000000e+00	12960
139	1.000000000000000e+00	12800
140	1.000000000000000e+00	12840
141	1.000000000000000e+00	13240
142	1.000000000000000e+00	13100
143	1.000000000000000e+00	13420
144	1.000000000000000e+00	15200
145	1.000000000000000e+00	13960
146	1.000000000000000e+00	12740
147	1.000000000000000e+00	13180
148	1.000000000000000e+00	13180
149	1.000000000000000e+00	14500
150	1.000000000000000e+00	12660
151	1.000000000000000e+00	13520
152	1.000000000000000e+00	13820
153	1.000000000000000e+00	14460
154	1.000000000000000e+00	13340
155	1.000000000000000e+00	13460
156	1.000000000000000e+00	13520
157	1.000000000000000e+00	13420
158	1.000000000000000e+00	14880
159	1.000000000000000e+00	13720
160	1.000000000000000e+00	14040
161	1.000000000000000e+00	13580
162	1.000000000000000e+00	13360
163	1.000000000000000e+00	14320
164	1.000000000000000e+00	13800
165	1.000000000000000e+00	13500
166	1.000000000000000e+00	13120
167	1.000000000000000e+00	14280
168	1.000000000000000e+00	14080
169	1.000000000000000e+00	14420
170	1.000000000000000e+00	13120
171	1.000000000000000e+00	12940
172	1.000000000000000e+00	15000
173	1.000000000000000e+00	13440
174	1.000000000000000e+00	13040
175	1.000000000000000e+00	13820
176	1.000000000000000e+00	13220
177	1.000000000000000e+00	13600
178	1.000000000000000e+00	13720
179	1.000000000000000e+00	14140
180	1.000000000000000e+00	13560
181	1.000000000000000e+00	12560
182	1.000000000000000e+00	13000
183	1.000000000000000e+00	13460
184	1.000000000000000e+00	13440
185	1.000000000000000e+00	13440
186	1.000000000000000e+00	13820
187	1.000000000000000e+00	14040
188	1.000000000000000e+00	14980
189	1.000000000000000e+00	13520
190	1.000000000000000e+00	13520
191	1.000000000000000e+00	13120
192	1.000000000000000e+00	13800
193	1.000000000000000e+00	13200
194	1.000000000000000e+00	13020
195	1.000000000000000e+00	14460
196	1.000000000000000e+00	13900
197	1.000000000000000e+00	13860
198	1.000000000000000e+00	12840
199	1.000000000000000e+00	14120
200	1.000000000000000e+00	14180
201	1.000000000000000e+00	14140
202	1.000000000000000e+00	13380
203	1.000000000000000e+00	14080
204	1.000000000000000e+00	13800
205	1.000000000000000e+00	13300
206	1.000000000000000e+00	13400
207	1.000000000000000e+00	14440
208	1.000000000000000e+00	13940
209	1.000000000000000e+00	13940
210	1.000000000000000e+00	14600
211	1.000000000000000e+00	14040
212	1.000000000000000e+00	14100
213	1.000000000000000e+00	12880
214	1.000000000000000e+00	14340
215	1.000000000000000e+00	13240
216	1.000000000000000e+00	14040
217	1.000000000000000e+00	13260
218	1.000000000000000e+00	14120
219	1.000000000000000e+00	13460
220	1.000000000000000e+00	14440
221	1.000000000000000e+00	14460
222	1.000000000000000e+00	13580
223	1.000000000000000e+00	13600
224	1.000000000000000e+00	14000
225	1.000000000000000e+00	13440
226	1.000000000000000e+00	13540
227	1.000000000000000e+00	12880
228	1.000000000000000e+00	13860
229	1.000000000000000e+00	13240
230	1.000000000000000e+00	13580
231	1.000000000000000e+00	14260
232	1.000000000000000e+00	14480
233	1.000000000000000e+00	13820
234	1.000000000000000e+00	13760
235	1.000000000000000e+00	13360
236	1.000000000000000e+00	14460
237	1.000000000000000e+00	13060
238	1.000000000000000e+00	13520
239	1.000000000000000e+00	13760
240	1.000000000000000e+00	12960
241	1.000000000000000e+00	12920
242	1.000000000000000e+00	13000
243	1.000000000000000e+00	14260
244	1.000000000000000e+00	13020
245	1.000000000000000e+00	13960
246	1.000000000000000e+00	14760
247	1.000000000000000e+00	13800
248	1.000000000000000e+00	13900
249	1.000000000000000e+00	13060
250	1.000000000000000e+00	13240
251	1.000000000000000e+00	13900
252	1.000000000000000e+00	13840
253	1.000000000000000e+00	12760
254	1.000000000000000e+00	13520
255	1.000000000000000e+00	13180
256	1.000000000000000e+00	14140
257	1.000000000000000e+00	12900
258	1.000000000000000e+00	14580
259	1.000000000000000e+00	14820
260	1.000000000000000e+00	13160
261	1.000000000000000e+00	13180
262	1.000000000000000e+00	12960
263	1.000000000000000e+00	13780
264	1.000000000000000e+00	13660
265	1.000000000000000e+00	13340
266	1.000000000000000e+00	13660
267	1.000000000000000e+00	13580
268	1.000000000000000e+00	13660
269	1.000000000000000e+00	13540
270	1.000000000000000e+00	13440
271	1.000000000000000e+00	12880
272	1.000000000000000e+00	13560
273	1.000000000000000e+00	13360
274	1.000000000000000e+00	14580
275	1.000000000000000e+00	12560
276	1.000000000000000e+00	14700
277	1.000000000000000e+00	13140
278	1.000000000000000e+00	13940
279	1.000000000000000e+00	12620
280	1.000000000000000e+00	14120
281	1.000000000000000e+00	13860
282	1.000000000000000e+00	13900
283	1.000000000000000e+00	12980
284	1.000000000000000e+00	13680
285	1.000000000000000e+00	14320
286	1.000000000000000e+00	13580
287	1.000000000000000e+00	13320
288	1.000000000000000e+00	14400
289	1.000000000000000e+00	14840
290	1.000000000000000e+00	14800
291	1.000000000000000e+00	12820
292	1.000000000000000e+00	14120
293	1.000000000000000e+00	14200
294	1.000000000000000e+00	13740
295	1.000000000000000e+00	12920
296	1.000000000000000e+00	13360
297	1.000000000000000e+00	14200
298	1.000000000000000e+00	12820
299	1.000000000000000e+00	13640
300	1.000000000000000e+00	14100
301	1.000000000000000e+00	14360
302	1.000000000000000e+00	13260
303	1.000000000000000e+00	14100
304	1.000000000000000e+00	13000
305	1.000000000000000e+00	12880
306	1.000000000000000e+00	13620
307	1.000000000000000e+00	12600
308	1.000000000000000e+00	14100
309	1.000000000000000e+00	13340
310	1.000000000000000e+00	13620
311	1.000000000000000e+00	14280
312	1.000000000000000e+00	13260
313	1.000000000000000e+00	14140
314	1.000000000000000e+00	14420
315	1.000000000000000e+00	13280
316	1.000000000000000e+00	12440
317	1.000000000000000e+00	13240
318	1.000000000000000e+00	13500
319	1.000000000000000e+00	12600
320	1.000000000000000e+00	14100
321	1.000000000000000e+00	14540
322	1.000000000000000e+00	14320
323	1.000000000000000e+00	14000
324	1.000000000000000e+00	14580
325	1.000000000000000e+00	12980
326	1.000000000000000e+00	13460
327	1.000000000000000e+00	14820
328	1.000000000000000e+00	12860
329	1.000000000000000e+00	13020
330	1.000000000000000e+00	14860
331	1.000000000000000e+00	12400
332	1.000000000000000e+00	12680
333	1.000000000000000e+00	13860
334	1.000000000000000e+00	13700
335	1.000000000000000e+00	12080
336	1.000000000000000e+00	13360
337	1.000000000000000e+00	12840
338	1.000000000000000e+00	14040
339	1.000000000000000e+00	13480
340	1.000000000000000e+00	14000
341	1.000000000000000e+00	14040
342	1.000000000000000e+00	13160
343	1.000000000000000e+00	13920
344	1.000000000000000e+00	14380
345	1.000000000000000e+00	13880
346	1.000000000000000e+00	13400
347	1.000000000000000e+00	13500
348	1.000000000000000e+00	14100
349	1.000000000000000e+00	13220
350	1.000000000000000e+00	13840
351	1.000000000000000e+00	14520
352	1.000000000000000e+00	14600
353	1.000000000000000e+00	13640
354	1.000000000000000e+00	13440
355	1.000000000000000e+00	13400
356	1.000000000000000e+00	12700
357	1.000000000000000e+00	13620
358	1.000000000000000e+00	14480
359	1.000000000000000e+00	13880
360	1.000000000000000e+00	13240
361	1.000000000000000e+00	14080
362	1.000000000000000e+00	14020
363	1.000000000000000e+00	14380
364	1.000000000000000e+00	13560
365	1.000000000000000e+00	12760
366	1.000000000000000e+00	14380
367	1.000000000000000e+00	14080
368	1.000000000000000e+00	12960
369	1.000000000000000e+00	14060
370	1.000000000000000e+00	13140
371	1.000000000000000e+00	13160
372	1.000000000000000e+00	14440
373	1.000000000000000e+00	13380
374	1.000000000000000e+00	13940
375	1.000000000000000e+00	13860
376	1.000000000000000e+00	13220
377	1.000000000000000e+00	14540
378	1.000000000000000e+00	14180
379	1.000000000000000e+00	13460
380	1.000000000000000e+00	13280
381	1.000000000000000e+00	13560
382	1.000000000000000e+00	14140
383	1.000000000000000e+00	12780
384	1.000000000000000e+00	13880
385	1.000000000000000e+00	14020
386	1.000000000000000e+00	14260
387	1.000000000000000e+00	13280
388	1.000000000000000e+00	14460
389	1.000000000000000e+00	14180
390	1.000000000000000e+00	13560
391	1.000000000000000e+00	13040
392	1.000000000000000e+00	14200
393	1.000000000000000e+00	14420
394	1.000000000000000e+00	13620
395	1.000000000000000e+00	14040
396	1.000000000000000e+00	13180
397	1.000000000000000e+00	12700
398	1.000000000000000e+00	13780
399	1.000000000000000e+00	13280
400	1.000000000000000e+00	14320
401	1.000000000000000e+00	13300
402	1.000000000000000e+00	14240
403	1.000000000000000e+00	12860
404	1.000000000000000e+00	13740
405	1.000000000000000e+00	14280
406	1.000000000000000e+00	13420
407	1.000000000000000e+00	14380
408	1.000000000000000e+00	14640
409	1.000000000000000e+00	13520
410	1.000000000000000e+00	13920
411	1.000000000000000e+00	13400
412	1.000000000000000e+00	13560
413	1.000000000000000e+00	14000
414	1.000000000000000e+00	12320
415	1.000000000000000e+00	13700
416	1.000000000000000e+00	12920
417	1.000000000000000e+00	12380
418	1.000000000000000e+00	14080
419	1.000000000000000e+00	13220
420	1.000000000000000e+00	14440
421	1.000000000000000e+00	12720
422	1.000000000000000e+00	13660
423	1.000000000000000e+00	13800
424	1.000000000000000e+00	14580
425	1.000000000000000e+00	14200
426	1.000000000000000e+00	13340
427	1.000000000000000e+00	13240
428	1.000000000000000e+00	13140
429	1.000000000000000e+00	14660
430	1.000000000000000e+00	16040
431	1.000000000000000e+00	14700
432	1.000000000000000e+00	14760
433	1.000000000000000e+00	12480
434	1.000000000000000e+00	13820
435	1.000000000000000e+00	13600
436	1.000000000000000e+00	13280
437	1.000000000000000e+00	14180
438	1.000000000000000e+00	13780
439	1.000000000000000e+00	13960
440	1.000000000000000e+00	13660
441	1.000000000000000e+00	14440
442	1.000000000000000e+00	13200
443	1.000000000000000e+00	13220
444	1.000000000000000e+00	12480
445	1.000000000000000e+00	13400
446	1.000000000000000e+00	13300
447	1.000000000000000e+00	13380
448	1.000000000000000e+00	14280
449	1.000000000000000e+00	13060
450	1.000000000000000e+00	13800
451	1.000000000000000e+00	13480
452	1.000000000000000e+00	14140
453	1.000000000000000e+00	13780
454	1.000000000000000e+00	14400
455	1.000000000000000e+00	13040
456	1.000000000000000e+00	13640
457	1.000000000000000e+00	13660
458	1.000000000000000e+00	12680
459	1.000000000000000e+00	13980
460	1.000000000000000e+00	12740
461	1.000000000000000e+00	13860
462	1.000000000000000e+00	14240
463	1.000000000000000e+00	13780
464	1.000000000000000e+00	13280
465	1.000000000000000e+00	13040
466	1.000000000000000e+00	13160
467	1.000000000000000e+00	13900
468	1.000000000000000e+00	14240
469	1.000000000000000e+00	13420
470	1.000000000000000e+00	13440
471	1.000000000000000e+00	12940
472	1.000000000000000e+00	13960
473	1.000000000000000e+00	13900
474	1.000000000000000e+00	12740
475	1.000000000000000e+00	13640
476	1.000000000000000e+00	12420
477	1.000000000000000e+00	14300
478	1.000000000000000e+00	13400
479	1.000000000000000e+00	13120
480	1.000000000000000e+00	13180
481	1.000000000000000e+00	13460
482	1.000000000000000e+00	13680
483	1.000000000000000e+00	13760
484	1.000000000000000e+00	13060
485	1.000000000000000e+00	13640
486	1.000000000000000e+00	12880
487	1.000000000000000e+00	13840
488	1.000000000000000e+00	13360
489	1.000000000000000e+00	13940
490	1.000000000000000e+00	14120
491	9.500000000000001e-01	30580
492	9.000000000000000e-01	30780
493	8.500000000000001e-01	113100
494	8.000000000000000e-01	113100
495	7.500000000000000e-01	30740
496	7.000000000000001e-01	29760
497	6.500000000000000e-01	30620
498	6.000000000000001e-01	30440
499	5.500000000000000e-01	30160
500	5.000000000000000e-01	30300
501	5.500000000000000e-01	29960
502	6.000000000000001e-01	29840
503	6.500000000000000e-01	30500
504	7.000000000000001e-01	29980
505	7.500000000000000e-01	30900
506	8.000000000000000e-01	30460
507	8.500000000000001e-01	31440
508	9.000000000000000e-01	28920
509	9.500000000000001e-01	29820
510	9.000000000000000e-01	30980
511	8.500000000000001e-01	30200
512	8.000000000000000e-01	29900
513	7.500000000000000e-01	30300
514	8.000000000000000e-01	30340
515	8.500000000000001e-01	30340
516	9.000000000000000e-01	30880
517	9.500000000000001e-01	29480
518	1.000000000000000e+00	29980
519	1.000000000000000e+00	30740
520	1.000000000000000e+00	30220
521	1.000000000000000e+00	29780
522	1.000000000000000e+00	31140
523	1.000000000000000e+00	30360
524	1.000000000000000e+00	30620
525	1.000000000000000e+00	30160
526	1.000000000000000e+00	30580
527	1.000000000000000e+00	31520
528	1.000000000000000e+00	30500
529	1.000000000000000e+00	15760
530	1.000000000000000e+00	30480
531	1.000000000000000e+00	29840
532	1.000000000000000e+00	15780
533	1.000000000000000e+00	16720
534	1.000000000000000e+00	14400
535	1.000000000000000e+00	29420
536	1.000000000000000e+00	16660
537	1.000000000000000e+00	31480
538	1.000000000000000e+00	30080
539	1.000000000000000e+00	30780
540	1.000000000000000e+00	31560
541	1.000000000000000e+00	30380
542	1.000000000000000e+00	17280
543	1.000000000000000e+00	31080
544	1.000000000000000e+00	17700
545	1.000000000000000e+00	17200
546	1.000000000000000e+00	15680
547	1.000000000000000e+00	15460
548	1.000000000000000e+00	15600
549	1.000000000000000e+00	16420
550	1.000000000000000e+00	14760
551	1.000000000000000e+00	14200
552	1.000000000000000e+00	14820
553	1.000000000000000e+00	15900
554	1.000000000000000e+00	15280
555	1.000000000000000e+00	15820
556	1.000000000000000e+00	15800
557	1.000000000000000e+00	16480
558	1.000000000000000e+00	15400
559	1.000000000000000e+00	14780
560	1.000000000000000e+00	16220
561	1.000000000000000e+00	15260
562	1.000000000000000e+00	15840
563	1.000000000000000e+00	14200
564	1.000000000000000e+00	15580
565	1.000000000000000e+00	15240
566	1.000000000000000e+00	14600
567	1.000000000000000e+00	15700
568	1.000000000000000e+00	15640
569	1.000000000000000e+00	16280
570	1.000000000000000e+00	15320
571	1.000000000000000e+00	15640
572	1.000000000000000e+00	15440
573	1.000000000000000e+00	15460
574	1.000000000000000e+00	16900
575	1.000000000000000e+00	15180
576	1.000000000000000e+00	16380
577	1.000000000000000e+00	14940
578	1.000000000000000e+00	16780
579	1.000000000000000e+00	16500
580	1.000000000000000e+00	15320
581	1.000000000000000e+00	16840
582	1.000000000000000e+00	15200
583	1.000000000000000e+00	14580
584	1.000000000000000e+00	14080
585	1.000000000000000e+00	15460
586	1.000000000000000e+00	16700
587	1.000000000000000e+00	16340
588	1.000000000000000e+00	16180
589	1.000000000000000e+00	15340
590	1.000000000000000e+00	16000
591	1.000000000000000e+00	17620
592	1.000000000000000e+00	15700
593	1.000000000000000e+00	16460
594	1.000000000000000e+00	16640
595	1.000000000000000e+00	15820
596	1.000000000000000e+00	17200
597	1.000000000000000e+00	15880
598	1.000000000000000e+00	17140
599	1.000000000000000e+00	15600
600	1.000000000000000e+00	15480
601	1.000000000000000e+00	16320
602	1.000000000000000e+00	14780
603	1.000000000000000e+00	16940
604	1.000000000000000e+00	15380
605	1.000000000000000e+00	15040
606	1.000000000000000e+00	16040
607	1.000000000000000e+00	15560
608	1.000000000000000e+00	16220
609	1.000000000000000e+00	15100
610	1.000000000000000e+00	14380
611	1.000000000000000e+00	16140
612	1.000000000000000e+00	17360
613	1.000000000000000e+00	15960
614	1.000000000000000e+00	15820
615	1.000000000000000e+00	16080
616	1.000000000000000e+00	15320
617	1.000000000000000e+00	15900
618	1.000000000000000e+00	15540
619	1.000000000000000e+00	16340
620	1.000000000000000e+00	14940
621	1.000000000000000e+00	14540
622	1.000000000000000e+00	16420
623	1.000000000000000e+00	14940
624	1.000000000000000e+00	14980
625	1.000000000000000e+00	15160
626	1.000000000000000e+00	16020
627	1.000000000000000e+00	15780
628	1.000000000000000e+00	14820
629	1.000000000000000e+00	15180
630	1.000000000000000e+00	16120
631	1.000000000000000e+00	16300
632	1.000000000000000e+00	15400
633	1.000000000000000e+00	17080
634	1.000000000000000e+00	15420
635	1.000000000000000e+00	16100
636	1.000000000000000e+00	16060
637	1.000000000000000e+00	16940
638	1.000000000000000e+00	14720
639	1.000000000000000e+00	15620
640	1.000000000000000e+00	15100
641	1.000000000000000e+00	14760
642	1.000000000000000e+00	15620
643	1.000000000000000e+00	17180
644	1.000000000000000e+00	15400
645	1.000000000000000e+00	15580
646	1.000000000000000e+00	15520
647	1.000000000000000e+00	15020
648	1.000000000000000e+00	15120
649	1.000000000000000e+00	15500
650	1.000000000000000e+00	17200
651	1.000000000000000e+00	17060
652	1.000000000000000e+00	16000
653	1.000000000000000e+00	16280
654	1.000000000000000e+00	15580
655	1.000000000000000e+00	15040
656	1.000000000000000e+00	14760
657	1.000000000000000e+00	15260
658	1.000000000000000e+00	15420
659	1.000000000000000e+00	15960
660	1.000000000000000e+00	16220
661	1.000000000000000e+00	16680
662	1.000000000000000e+00	16020
663	1.000000000000000e+00	16200
664	1.000000000000000e+00	16280
665	1.000000000000000e+00	16200
666	1.000000000000000e+00	16760
667	1.000000000000000e+00	17240
668	1.000000000000000e+00	15660
669	1.000000000000000e+00	16940
670	1.000000000000000e+00	15560
671	1.000000000000000e+00	17600
672	1.000000000000000e+00	16560
673	1.000000000000000e+00	16300
674	1.000000000000000e+00	16320
675	1.000000000000000e+00	17300
676	1.000000000000000e+00	16720
677	1.000000000000000e+00	17980
678	1.000000000000000e+00	16040
679	1.000000000000000e+00	15840
680	1.000000000000000e+00	15760
681	1.000000000000000e+00	17840
682	1.000000000000000e+00	16080
683	1.000000000000000e+00	15900
684	1.000000000000000e+00	15900
685	1.000000000000000e+00	16140
686	1.000000000000000e+00	14660
687	1.000000000000000e+00	15320
688	1.000000000000000e+00	15860
689	1.000000000000000e+00	16580
690	1.000000000000000e+00	16240
691	1.000000000000000e+00	16220
692	1.000000000000000e+00	15760
693	1.000000000000000e+00	15540
694	1.000000000000000e+00	14980
695	1.000000000000000e+00	16500
696	1.000000000000000e+00	15740
697	1.000000000000000e+00	17040
698	1.000000000000000e+00	16720
699	1.000000000000000e+00	16760
700	1.000000000000000e+00	16180
701	1.000000000000000e+00	15500
702	1.000000000000000e+00	14940
703	1.000000000000000e+00	15780
704	1.000000000000000e+00	15840
705	1.000000000000000e+00	15320
706	1.000000000000000e+00	14920
707	1.000000000000000e+00	14660
708	1.000000000000000e+00	14720
709	1.000000000000000e+00	14860
710	1.000000000000000e+00	15680
711	1.000000000000000e+00	16140
712	1.000000000000000e+00	15980
713	1.000000000000000e+00	16040
714	1.000000000000000e+00	16040
715	1.000000000000000e+00	16040
716	1.000000000000000e+00	16900
717	1.000000000000000e+00	16460
718	1.000000000000000e+00	16480
719	1.000000000000000e+00	17000
720	1.000000000000000e+00	16940
721	1.000000000000000e+00	15720
722	1.000000000000000e+00	15560
723	1.000000000000000e+00	16900
724	1.000000000000000e+00	14880
725	1.000000000000000e+00	17240
726	1.000000000000000e+00	16880
727	1.000000000000000e+00	16880
728	1.000000000000000e+00	15160
729	1.000000000000000e+00	15840
730	1.000000000000000e+00	16940
731	1.000000000000000e+00	16300
732	1.000000000000000e+00	16380
733	1.000000000000000e+00	16820
734	1.000000000000000e+00	17200
735	1.000000000000000e+00	15980
736	1.000000000000000e+00	16920
737	1.000000000000000e+00	16940
738	1.000000000000000e+00	16100
739	1.000000000000000e+00	17520
740	1.000000000000000e+00	16620
741	1.000000000000000e+00	17160
742	1.000000000000000e+00	16480
743	1.000000000000000e+00	16340
744	1.000000000000000e+00	16020
745	1.000000000000000e+00	15600
746	1.000000000000000e+00	15520
747	1.000000000000000e+00	16840
748	1.000000000000000e+00	16440
749	1.000000000000000e+00	14940
750	1.000000000000000e+00	16180
751	1.000000000000000e+00	15700
752	1.000000000000000e+00	15500
753	1.000000000000000e+00	16220
754	1.000000000000000e+00	16140
755	1.000000000000000e+00	16840
756	1.000000000000000e+00	16860
757	1.000000000000000e+00	16900
758	1.000000000000000e+00	16840
759	1.000000000000000e+00	15640
760	1.000000000000000e+00	16540
761	1.000000000000000e+00	16660
762	1.000000000000000e+00	15500
763	1.000000000000000e+00	18100
764	1.000000000000000e+00	15900
765	1.000000000000000e+00	15900
766	1.000000000000000e+00	15840
767	1.000000000000000e+00	17160
768	9.500000000000001e-01	15320
769	9.500000000000001e-01	15700
770	9.500000000000001e-01	14760
771	9.500000000000001e-01	15220
772	9.500000000000001e-01	15760
773	9.500000000000001e-01	15560
774	9.500000000000001e-01	16640
775	9.500000000000001e-01	16420
776	9.500000000000001e-01	16820
777	9.500000000000001e-01	17020
778	9.500000000000001e-01	15840
779	9.500000000000001e-01	16840
780	9.500000000000001e-01	17080
781	9.500000000000001e-01	15600
782	9.500000000000001e-01	17200
783	9.500000000000001e-01	17480
784	9.500000000000001e-01	17320
785	9.500000000000001e-01	16000
786	9.500000000000001e-01	17400
787	9.500000000000001e-01	16240
788	9.500000000000001e-01	16920
789	9.500000000000001e-01	17520
790	9.500000000000001e-01	16480
791	9.500000000000001e-01	16220
792	9.500000000000001e-01	15760
793	9.500000000000001e-01	15900
794	9.500000000000001e-01	18060
795	9.500000000000001e-01	17940
796	9.500000000000001e-01	16320
797	9.500000000000001e-01	17280
798	9.500000000000001e-01	17520
799	9.500000000000001e-01	16780
800	9.500000000000001e-01	18600
801	9.500000000000001e-01	17180
802	9.500000000000001e-01	17500
803	9.500000000000001e-01	17960
804	9.500000000000001e-01	17000
805	9.500000000000001e-01	18260
806	9.500000000000001e-01	17460
807	9.500000000000001e-01	16740
808	9.500000000000001e-01	17140
809	9.500000000000001e-01	16440
810	9.500000000000001e-01	17960
811	9.500000000000001e-01	17880
812	9.500000000000001e-01	17900
813	9.500000000000001e-01	18260
814	9.500000000000001e-01	17300
815	9.500000000000001e-01	18120
816	9.500000000000001e-01	16780
817	9.500000000000001e-01	17640
818	9.500000000000001e-01	16820
819	9.500000000000001e-01	16420
820	9.500000000000001e-01	18660
821	9.500000000000001e-01	18900
822	9.500000000000001e-01	17820
823	9.500000000000001e-01	18440
824	9.500000000000001e-01	17520
825	9.500000000000001e-01	17520
826	9.500000000000001e-01	17340
827	9.500000000000001e-01	18000
828	9.500000000000001e-01	18540
829	9.500000000000001e-01	19220
830	9.500000000000001e-01	18340
831	9.500000000000001e-01	19340
832	9.500000000000001e-01	17260
833	9.500000000000001e-01	18020
834	9.500000000000001e-01	18520
835	9.500000000000001e-01	19780
836	9.500000000000001e-01	17240
837	9.500000000000001e-01	18920
838	9.500000000000001e-01	17520
839	9.500000000000001e-01	18200
840	9.500000000000001e-01	17300
841	9.500000000000001e-01	17180
842	9.500000000000001e-01	16380
843	9.500000000000001e-01	15940
844	9.500000000000001e-01	18220
845	9.500000000000001e-01	17400
846	9.500000000000001e-01	17080
847	9.500000000000001e-01	17220
848	9.500000000000001e-01	16740
849	9.500000000000001e-01	15580
850	9.500000000000001e-01	15080
851	9.500000000000001e-01	15960
852	9.500000000000001e-01	16260
853	9.500000000000001e-01	15920
854	9.500000000000001e-01	16660
855	9.500000000000001e-01	15060
856	9.500000000000001e-01	16060
857	9.500000000000001e-01	17300
858	9.500000000000001e-01	18060
859	9.500000000000001e-01	17220
860	9.500000000000001e-01	17580
861	9.500000000000001e-01	16500
862	9.500000000000001e-01	17340
863	9.500000000000001e-01	16500
864	9.500000000000001e-01	16760
865	9.500000000000001e-01	16860
866	9.500000000000001e-01	17020
867	9.500000000000001e-01	17780
868	9.500000000000001e-01	16400
869	9.500000000000001e-01	16040
870	9.500000000000001e-01	16440
871	9.500000000000001e-01	16920
872	9.500000000000001e-01	15940
873	9.500000000000001e-01	17560
874	9.500000000000001e-01	16860
875	9.500000000000001e-01	16100
876	9.500000000000001e-01	17180
877	9.500000000000001e-01	16520
878	9.500000000000001e-01	15840
879	9.500000000000001e-01	15120
880	9.500000000000001e-01	15460
881	9.500000000000001e-01	16680
882	9.500000000000001e-01	17000
883	9.500000000000001e-01	16140
884	9.500000000000001e-01	17100
885	9.500000000000001e-01	15900
886	9.500000000000001e-01	17340
887	9.500000000000001e-01	16580
888	9.500000000000001e-01	16940
889	9.500000000000001e-01	17660
890	9.500000000000001e-01	17120
891	9.500000000000001e-01	16840
892	9.500000000000001e-01	17480
893	9.500000000000001e-01	16140
894	9.500000000000001e-01	17040
895	9.500000000000001e-01	16580
896	9.500000000000001e-01	15800
897	9.500000000000001e-01	15880
898	9.500000000000001e-01	15240
899	9.500000000000001e-01	16520
900	9.500000000000001e-01	16840
901	9.500000000000001e-01	16080
902	9.500000000000001e-01	16020
903	9.500000000000001e-01	16320
904	9.500000000000001e-01	17740
905	9.500000000000001e-01	16800
906	9.500000000000001e-01	16900
907	9.500000000000001e-01	16060
908	9.500000000000001e-01	16600
909	9.500000000000001e-01	16520
910	9.500000000000001e-01	17400
911	9.500000000000001e-01	16780
912	9.500000000000001e-01	15740
913	9.500000000000001e-01	16020
914	9.500000000000001e-01	16280
915	9.500000000000001e-01	15460
916	9.500000000000001e-01	17160
917	9.500000000000001e-01	16500
918	9.500000000000001e-01	16460
919	9.500000000000001e-01	16620
920	9.500000000000001e-01	16280
921	9.500000000000001e-01	16200
922	9.500000000000001e-01	16980
923	9.500000000000001e-01	16420
924	9.500000000000001e-01	15460
925	9.500000000000001e-01	16080
926	9.500000000000001e-01	15400
927	9.500000000000001e-01	15220
928	9.500000000000001e-01	16500
929	9.500000000000001e-01	16140
930	9.500000000000001e-01	16020
931	9.500000000000001e-01	16800
932	9.500000000000001e-01	15620
933	9.500000000000001e-01	15180
934	9.500000000000001e-01	15960
935	9.500000000000001e-01	15960
936	9.500000000000001e-01	16420
937	9.500000000000001e-01	15100
938	9.500000000000001e-01	14860
939	9.500000000000001e-01	16300
940	9.500000000000001e-01	16780
941	9.500000000000001e-01	16460
942	9.500000000000001e-01	16240
943	9.500000000000001e-01	15200
944	9.500000000000001e-01	16780
945	9.500000000000001e-01	15920
946	9.500000000000001e-01	17160
947	9.500000000000001e-01	16000
948	9.500000000000001e-01	17440
949	9.500000000000001e-01	16960
950	9.500000000000001e-01	17940
951	9.500000000000001e-01	17560
952	9.500000000000001e-01	18220
953	9.500000000000001e-01	18300
954	9.500000000000001e-01	17200
955	9.500000000000001e-01	17080
956	9.500000000000001e-01	17340
957	9.500000000000001e-01	18880
958	9.500000000000001e-01	16380
959	9.500000000000001e-01	16960
960	9.500000000000001e-01	17680
961	9.500000000000001e-01	17280
962	9.500000000000001e-01	18540
963	9.500000000000001e-01	18060
964	9.500000000000001e-01	18100
965	9.500000000000001e-01	16880
966	9.500000000000001e-01	17040
967	9.500000000000001e-01	17740
968	9.500000000000001e-01	16380
969	9.500000000000001e-01	16260
970	9.500000000000001e-01	16220
971	9.500000000000001e-01	17340
972	9.500000000000001e-01	16480
973	9.500000000000001e-01	17080
974	9.500000000000001e-01	17440
975	9.500000000000001e-01	16540
976	9.500000000000001e-01	16400
977	9.500000000000001e-01	16400
978	9.500000000000001e-01	17220
979	9.500000000000001e-01	14660
980	9.500000000000001e-01	16220
981	9.500000000000001e-01	16740
982	9.500000000000001e-01	16040
983	9.500000000000001e-01	17220
984	9.500000000000001e-01	15620
985	9.500000000000001e-01	17480
986	9.500000000000001e-01	15720
987	9.500000000000001e-01	16420
988	9.500000000000001e-01	16520
989	9.500000000000001e-01	16560
990	9.500000000000001e-01	16100
991	9.500000000000001e-01	16140
992	9.500000000000001e-01	17620
993	9.500000000000001e-01	16600
994	9.500000000000001e-01	15760
995	9.500000000000001e-01	16360
996	9.500000000000001e-01	16420
997	9.500000000000001e-01	15640
998	9.500000000000001e-01	17220
999	9.500000000000001e-01	16560
1000	9.500000000000001e-01	16360


Tempo gasto: 23.566908
