Método usado: ANTCOLONY OPTIMIZATION

POSIÇÃO	ÁREA(mm²)	CUSTO

1	1.000000000000000e+00	5520
2	1.000000000000000e+00	5820
3	1.000000000000000e+00	6420
4	1.000000000000000e+00	6360
5	1.000000000000000e+00	5280
6	1.000000000000000e+00	6280
7	1.000000000000000e+00	5720
8	1.000000000000000e+00	5200
9	1.000000000000000e+00	6880
10	1.000000000000000e+00	6060
11	1.000000000000000e+00	5640
12	1.000000000000000e+00	6020
13	1.000000000000000e+00	6100
14	1.000000000000000e+00	5500
15	1.000000000000000e+00	6020
16	1.000000000000000e+00	5120
17	1.000000000000000e+00	6340
18	1.000000000000000e+00	5640
19	1.000000000000000e+00	5880
20	1.000000000000000e+00	6140
21	1.000000000000000e+00	6020
22	1.000000000000000e+00	5640
23	1.000000000000000e+00	6000
24	1.000000000000000e+00	5740
25	1.000000000000000e+00	5900
26	1.000000000000000e+00	6260
27	1.000000000000000e+00	5820
28	1.000000000000000e+00	6120
29	1.000000000000000e+00	6480
30	1.000000000000000e+00	5780
31	1.000000000000000e+00	5660
32	1.000000000000000e+00	6400
33	1.000000000000000e+00	6500
34	1.000000000000000e+00	5400
35	1.000000000000000e+00	5360
36	1.000000000000000e+00	5680
37	1.000000000000000e+00	6020
38	1.000000000000000e+00	5920
39	1.000000000000000e+00	6240
40	1.000000000000000e+00	5500
41	1.000000000000000e+00	6780
42	1.000000000000000e+00	6480
43	1.000000000000000e+00	6060
44	1.000000000000000e+00	5100
45	1.000000000000000e+00	5700
46	1.000000000000000e+00	5940
47	1.000000000000000e+00	5660
48	1.000000000000000e+00	5740
49	1.000000000000000e+00	6080
50	1.000000000000000e+00	5600
51	1.000000000000000e+00	5940
52	1.000000000000000e+00	6120
53	1.000000000000000e+00	5860
54	1.000000000000000e+00	5840
55	1.000000000000000e+00	6000
56	1.000000000000000e+00	5140
57	1.000000000000000e+00	5620
58	1.000000000000000e+00	5720
59	1.000000000000000e+00	6000
60	1.000000000000000e+00	6020
61	1.000000000000000e+00	6140
62	1.000000000000000e+00	5920
63	1.000000000000000e+00	6620
64	1.000000000000000e+00	5720
65	1.000000000000000e+00	6200
66	1.000000000000000e+00	5620
67	1.000000000000000e+00	5960
68	1.000000000000000e+00	6280
69	1.000000000000000e+00	5560
70	1.000000000000000e+00	6200
71	1.000000000000000e+00	6100
72	1.000000000000000e+00	6540
73	1.000000000000000e+00	5880
74	1.000000000000000e+00	5760
75	1.000000000000000e+00	5720
76	1.000000000000000e+00	5700
77	1.000000000000000e+00	5620
78	1.000000000000000e+00	5880
79	1.000000000000000e+00	6000
80	1.000000000000000e+00	5760
81	1.000000000000000e+00	5420
82	1.000000000000000e+00	5960
83	1.000000000000000e+00	6320
84	1.000000000000000e+00	6160
85	1.000000000000000e+00	5820
86	1.000000000000000e+00	6040
87	1.000000000000000e+00	6720
88	1.000000000000000e+00	6160
89	1.000000000000000e+00	6140
90	1.000000000000000e+00	5660
91	1.000000000000000e+00	6240
92	1.000000000000000e+00	6840
93	1.000000000000000e+00	6380
94	1.000000000000000e+00	5700
95	1.000000000000000e+00	6120
96	1.000000000000000e+00	5460
97	1.000000000000000e+00	6120
98	1.000000000000000e+00	5620
99	1.000000000000000e+00	6560
100	1.000000000000000e+00	5820
101	1.000000000000000e+00	5800
102	1.000000000000000e+00	5860
103	1.000000000000000e+00	6400
104	1.000000000000000e+00	5720
105	1.000000000000000e+00	5240
106	1.000000000000000e+00	6160
107	1.000000000000000e+00	6220
108	1.000000000000000e+00	5760
109	1.000000000000000e+00	6180
110	1.000000000000000e+00	5580
111	1.000000000000000e+00	6760
112	1.000000000000000e+00	5440
113	1.000000000000000e+00	5500
114	1.000000000000000e+00	5440
115	1.000000000000000e+00	6000
116	1.000000000000000e+00	6020
117	1.000000000000000e+00	5780
118	1.000000000000000e+00	6460
119	1.000000000000000e+00	5400
120	1.000000000000000e+00	6040
121	1.000000000000000e+00	5340
122	1.000000000000000e+00	5820
123	1.000000000000000e+00	6240
124	1.000000000000000e+00	5660
125	1.000000000000000e+00	6740
126	1.000000000000000e+00	6080
127	1.000000000000000e+00	5680
128	1.000000000000000e+00	6360
129	1.000000000000000e+00	5880
130	1.000000000000000e+00	6300
131	1.000000000000000e+00	5940
132	1.000000000000000e+00	6380
133	1.000000000000000e+00	5920
134	1.000000000000000e+00	5500
135	1.000000000000000e+00	5780
136	1.000000000000000e+00	5260
137	1.000000000000000e+00	6180
138	1.000000000000000e+00	6120
139	1.000000000000000e+00	5520
140	1.000000000000000e+00	5460
141	1.000000000000000e+00	5740
142	1.000000000000000e+00	5980
143	1.000000000000000e+00	6120
144	1.000000000000000e+00	5840
145	1.000000000000000e+00	6200
146	1.000000000000000e+00	5600
147	1.000000000000000e+00	6160
148	1.000000000000000e+00	5500
149	1.000000000000000e+00	6180
150	1.000000000000000e+00	5240
151	1.000000000000000e+00	5860
152	1.000000000000000e+00	5780
153	1.000000000000000e+00	5820
154	1.000000000000000e+00	5560
155	1.000000000000000e+00	5660
156	1.000000000000000e+00	5680
157	1.000000000000000e+00	6000
158	1.000000000000000e+00	6780
159	1.000000000000000e+00	5700
160	1.000000000000000e+00	6040
161	1.000000000000000e+00	6280
162	1.000000000000000e+00	6040
163	1.000000000000000e+00	6220
164	1.000000000000000e+00	5720
165	1.000000000000000e+00	5740
166	1.000000000000000e+00	5620
167	1.000000000000000e+00	5580
168	1.000000000000000e+00	6140
169	1.000000000000000e+00	6300
170	1.000000000000000e+00	5420
171	1.000000000000000e+00	6120
172	1.000000000000000e+00	6860
173	1.000000000000000e+00	5900
174	1.000000000000000e+00	5880
175	1.000000000000000e+00	5740
176	1.000000000000000e+00	5940
177	1.000000000000000e+00	6480
178	1.000000000000000e+00	6440
179	1.000000000000000e+00	6580
180	1.000000000000000e+00	5940
181	1.000000000000000e+00	5860
182	1.000000000000000e+00	5640
183	1.000000000000000e+00	5600
184	1.000000000000000e+00	6340
185	1.000000000000000e+00	6040
186	1.000000000000000e+00	5980
187	1.000000000000000e+00	6460
188	1.000000000000000e+00	6560
189	1.000000000000000e+00	5720
190	1.000000000000000e+00	5780
191	1.000000000000000e+00	5880
192	1.000000000000000e+00	6860
193	1.000000000000000e+00	5600
194	1.000000000000000e+00	6060
195	1.000000000000000e+00	6640
196	1.000000000000000e+00	5520
197	1.000000000000000e+00	5700
198	1.000000000000000e+00	5780
199	1.000000000000000e+00	5800
200	1.000000000000000e+00	6040
201	1.000000000000000e+00	5860
202	1.000000000000000e+00	6100
203	1.000000000000000e+00	6500
204	1.000000000000000e+00	5760
205	1.000000000000000e+00	5760
206	1.000000000000000e+00	5380
207	1.000000000000000e+00	6060
208	1.000000000000000e+00	5720
209	1.000000000000000e+00	5720
210	1.000000000000000e+00	5960
211	1.000000000000000e+00	5880
212	1.000000000000000e+00	6040
213	1.000000000000000e+00	5840
214	1.000000000000000e+00	5720
215	1.000000000000000e+00	5860
216	1.000000000000000e+00	6000
217	1.000000000000000e+00	5740
218	1.000000000000000e+00	6160
219	1.000000000000000e+00	6120
220	1.000000000000000e+00	6140
221	1.000000000000000e+00	6320
222	1.000000000000000e+00	6440
223	1.000000000000000e+00	5620
224	1.000000000000000e+00	5440
225	1.000000000000000e+00	5540
226	1.000000000000000e+00	6120
227	1.000000000000000e+00	5240
228	1.000000000000000e+00	5880
229	1.000000000000000e+00	5840
230	1.000000000000000e+00	6060
231	1.000000000000000e+00	6620
232	1.000000000000000e+00	6360
233	1.000000000000000e+00	5980
234	1.000000000000000e+00	5860
235	1.000000000000000e+00	5840
236	1.000000000000000e+00	6580
237	1.000000000000000e+00	5380
238	1.000000000000000e+00	6160
239	1.000000000000000e+00	6000
240	1.000000000000000e+00	6060
241	1.000000000000000e+00	5880
242	1.000000000000000e+00	5740
243	1.000000000000000e+00	6300
244	1.000000000000000e+00	5760
245	1.000000000000000e+00	6340
246	1.000000000000000e+00	6480
247	1.000000000000000e+00	5700
248	1.000000000000000e+00	6400
249	1.000000000000000e+00	5700
250	1.000000000000000e+00	5900
251	1.000000000000000e+00	6360
252	1.000000000000000e+00	5480
253	1.000000000000000e+00	5800
254	1.000000000000000e+00	5840
255	1.000000000000000e+00	5600
256	1.000000000000000e+00	6260
257	1.000000000000000e+00	5540
258	1.000000000000000e+00	5880
259	1.000000000000000e+00	6540
260	1.000000000000000e+00	6060
261	1.000000000000000e+00	5360
262	1.000000000000000e+00	6040
263	1.000000000000000e+00	5820
264	1.000000000000000e+00	5920
265	1.000000000000000e+00	5680
266	1.000000000000000e+00	6040
267	9.500000000000001e-01	6280
268	9.500000000000001e-01	5900
269	9.500000000000001e-01	5880
270	9.500000000000001e-01	6120
271	9.500000000000001e-01	5560
272	9.500000000000001e-01	5460
273	9.500000000000001e-01	5180
274	9.500000000000001e-01	5860
275	9.500000000000001e-01	5140
276	9.500000000000001e-01	6360
277	9.500000000000001e-01	5920
278	9.500000000000001e-01	5360
279	9.500000000000001e-01	5380
280	9.500000000000001e-01	5960
281	9.500000000000001e-01	5800
282	9.500000000000001e-01	6320
283	9.500000000000001e-01	5380
284	9.500000000000001e-01	5460
285	9.500000000000001e-01	6000
286	9.500000000000001e-01	5620
287	9.500000000000001e-01	5240
288	9.500000000000001e-01	6780
289	9.500000000000001e-01	6780
290	9.500000000000001e-01	6240
291	9.500000000000001e-01	5560
292	9.500000000000001e-01	6480
293	9.500000000000001e-01	5420
294	9.500000000000001e-01	6560
295	9.500000000000001e-01	5660
296	9.500000000000001e-01	5620
297	9.500000000000001e-01	6800
298	9.500000000000001e-01	5380
299	9.500000000000001e-01	5540
300	9.500000000000001e-01	6380
301	9.500000000000001e-01	6160
302	9.500000000000001e-01	6000
303	9.500000000000001e-01	6300
304	9.500000000000001e-01	5660
305	9.500000000000001e-01	5540
306	9.500000000000001e-01	6100
307	9.500000000000001e-01	5720
308	9.500000000000001e-01	6080
309	9.500000000000001e-01	5620
310	9.500000000000001e-01	6060
311	9.500000000000001e-01	5860
312	9.500000000000001e-01	5440
313	9.500000000000001e-01	6400
314	9.500000000000001e-01	6680
315	9.500000000000001e-01	5940
316	9.500000000000001e-01	5340
317	9.500000000000001e-01	5800
318	9.500000000000001e-01	6160
319	9.500000000000001e-01	5580
320	9.500000000000001e-01	6160
321	9.500000000000001e-01	6200
322	9.500000000000001e-01	5460
323	9.500000000000001e-01	5760
324	9.500000000000001e-01	6360
325	9.500000000000001e-01	5140
326	9.500000000000001e-01	6120
327	9.500000000000001e-01	6340
328	9.500000000000001e-01	5440
329	9.500000000000001e-01	5880
330	9.500000000000001e-01	6380
331	9.500000000000001e-01	5520
332	9.500000000000001e-01	5820
333	9.500000000000001e-01	5640
334	9.500000000000001e-01	6240
335	9.500000000000001e-01	5260
336	9.500000000000001e-01	5480
337	9.500000000000001e-01	5780
338	9.500000000000001e-01	5940
339	9.500000000000001e-01	5440
340	9.500000000000001e-01	6740
341	9.500000000000001e-01	6140
342	9.500000000000001e-01	5700
343	9.500000000000001e-01	5920
344	9.500000000000001e-01	5880
345	9.500000000000001e-01	6520
346	9.500000000000001e-01	5800
347	9.500000000000001e-01	6200
348	9.500000000000001e-01	6440
349	9.500000000000001e-01	5860
350	9.500000000000001e-01	5880
351	9.500000000000001e-01	6560
352	9.500000000000001e-01	6020
353	9.500000000000001e-01	6400
354	9.500000000000001e-01	6020
355	9.500000000000001e-01	6020
356	9.500000000000001e-01	5900
357	9.500000000000001e-01	5800
358	9.500000000000001e-01	6600
359	9.500000000000001e-01	6320
360	9.500000000000001e-01	5400
361	9.500000000000001e-01	6500
362	9.500000000000001e-01	6700
363	9.500000000000001e-01	6700
364	9.500000000000001e-01	5800
365	9.500000000000001e-01	5620
366	9.500000000000001e-01	6960
367	9.500000000000001e-01	6220
368	9.500000000000001e-01	5840
369	9.500000000000001e-01	6080
370	9.500000000000001e-01	5840
371	9.500000000000001e-01	5440
372	9.500000000000001e-01	6520
373	9.500000000000001e-01	5880
374	9.500000000000001e-01	6080
375	9.500000000000001e-01	6360
376	9.500000000000001e-01	5660
377	9.500000000000001e-01	6420
378	9.500000000000001e-01	5940
379	9.500000000000001e-01	5900
380	9.500000000000001e-01	6220
381	9.500000000000001e-01	5540
382	9.500000000000001e-01	5980
383	9.500000000000001e-01	6080
384	9.500000000000001e-01	6180
385	9.500000000000001e-01	6320
386	9.500000000000001e-01	6200
387	9.500000000000001e-01	5780
388	9.500000000000001e-01	6200
389	9.500000000000001e-01	6320
390	9.500000000000001e-01	6260
391	9.500000000000001e-01	6220
392	9.500000000000001e-01	5360
393	9.500000000000001e-01	6260
394	9.500000000000001e-01	6000
395	9.500000000000001e-01	5760
396	9.500000000000001e-01	5880
397	9.500000000000001e-01	5020
398	9.500000000000001e-01	6180
399	9.500000000000001e-01	5840
400	9.500000000000001e-01	6780
401	9.500000000000001e-01	6060
402	9.500000000000001e-01	5480
403	9.500000000000001e-01	5240
404	9.500000000000001e-01	6280
405	9.500000000000001e-01	5960
406	9.500000000000001e-01	5660
407	9.500000000000001e-01	5800
408	9.500000000000001e-01	6280
409	9.500000000000001e-01	6200
410	9.500000000000001e-01	5460
411	9.500000000000001e-01	5660
412	9.500000000000001e-01	5800
413	9.500000000000001e-01	6140
414	9.500000000000001e-01	5600
415	9.500000000000001e-01	6000
416	9.500000000000001e-01	5740
417	9.500000000000001e-01	5660
418	9.500000000000001e-01	5960
419	9.500000000000001e-01	5960
420	9.500000000000001e-01	6840
421	9.500000000000001e-01	5640
422	9.500000000000001e-01	5840
423	9.500000000000001e-01	6100
424	9.500000000000001e-01	6200
425	9.500000000000001e-01	6000
426	9.500000000000001e-01	6180
427	9.500000000000001e-01	5420
428	9.500000000000001e-01	5780
429	9.500000000000001e-01	6360
430	1.000000000000000e+00	6920
431	1.000000000000000e+00	6820
432	1.000000000000000e+00	5960
433	1.000000000000000e+00	5320
434	1.000000000000000e+00	6620
435	1.000000000000000e+00	5640
436	1.000000000000000e+00	5960
437	1.000000000000000e+00	6360
438	1.000000000000000e+00	5960
439	1.000000000000000e+00	6040
440	1.000000000000000e+00	6080
441	1.000000000000000e+00	6460
442	1.000000000000000e+00	5580
443	1.000000000000000e+00	6160
444	1.000000000000000e+00	4980
445	1.000000000000000e+00	5560
446	1.000000000000000e+00	5440
447	1.000000000000000e+00	5860
448	1.000000000000000e+00	6260
449	1.000000000000000e+00	5920
450	1.000000000000000e+00	5800
451	1.000000000000000e+00	5580
452	1.000000000000000e+00	6140
453	1.000000000000000e+00	6300
454	1.000000000000000e+00	6840
455	1.000000000000000e+00	6020
456	1.000000000000000e+00	5700
457	1.000000000000000e+00	5780
458	1.000000000000000e+00	5640
459	1.000000000000000e+00	6540
460	1.000000000000000e+00	5640
461	1.000000000000000e+00	6200
462	1.000000000000000e+00	6200
463	1.000000000000000e+00	6300
464	1.000000000000000e+00	5300
465	1.000000000000000e+00	5840
466	1.000000000000000e+00	5860
467	1.000000000000000e+00	6820
468	1.000000000000000e+00	6120
469	1.000000000000000e+00	5580
470	1.000000000000000e+00	5940
471	1.000000000000000e+00	5700
472	1.000000000000000e+00	5780
473	1.000000000000000e+00	6140
474	1.000000000000000e+00	5220
475	1.000000000000000e+00	5900
476	1.000000000000000e+00	5380
477	1.000000000000000e+00	5900
478	1.000000000000000e+00	5740
479	1.000000000000000e+00	6040
480	1.000000000000000e+00	5660
481	1.000000000000000e+00	5940
482	1.000000000000000e+00	5680
483	1.000000000000000e+00	5820
484	1.000000000000000e+00	5280
485	1.000000000000000e+00	5800
486	1.000000000000000e+00	5640
487	1.000000000000000e+00	6420
488	1.000000000000000e+00	6080
489	1.000000000000000e+00	6260
490	1.000000000000000e+00	6200
491	9.500000000000001e-01	11780
492	9.000000000000000e-01	11300
493	8.500000000000001e-01	49500
494	8.000000000000000e-01	49500
495	7.500000000000000e-01	11200
496	7.000000000000001e-01	10800
497	6.500000000000000e-01	11060
498	6.000000000000001e-01	11000
499	5.500000000000000e-01	10700
500	5.000000000000000e-01	10560
501	5.500000000000000e-01	11140
502	6.000000000000001e-01	10960
503	6.500000000000000e-01	10720
504	7.000000000000001e-01	11160
505	7.500000000000000e-01	11320
506	8.000000000000000e-01	10920
507	8.500000000000001e-01	11140
508	9.000000000000000e-01	10220
509	9.500000000000001e-01	10580
510	9.000000000000000e-01	11220
511	8.500000000000001e-01	11140
512	8.000000000000000e-01	11000
513	7.500000000000000e-01	10940
514	8.000000000000000e-01	11240
515	8.500000000000001e-01	11340
516	9.000000000000000e-01	11160
517	9.500000000000001e-01	10640
518	1.000000000000000e+00	10920
519	1.000000000000000e+00	11160
520	1.000000000000000e+00	10620
521	1.000000000000000e+00	10840
522	1.000000000000000e+00	10680
523	1.000000000000000e+00	10980
524	1.000000000000000e+00	11020
525	1.000000000000000e+00	10800
526	1.000000000000000e+00	11500
527	1.000000000000000e+00	11740
528	1.000000000000000e+00	11180
529	1.000000000000000e+00	6800
530	1.000000000000000e+00	10600
531	1.000000000000000e+00	11000
532	1.000000000000000e+00	7620
533	1.000000000000000e+00	7480
534	1.000000000000000e+00	6760
535	1.000000000000000e+00	10800
536	1.000000000000000e+00	8060
537	1.000000000000000e+00	11360
538	1.000000000000000e+00	11160
539	1.000000000000000e+00	11540
540	1.000000000000000e+00	11540
541	1.000000000000000e+00	11160
542	1.000000000000000e+00	7800
543	1.000000000000000e+00	11620
544	1.000000000000000e+00	8220
545	1.000000000000000e+00	8400
546	1.000000000000000e+00	7240
547	1.000000000000000e+00	7380
548	1.000000000000000e+00	6380
549	1.000000000000000e+00	7360
550	1.000000000000000e+00	6840
551	1.000000000000000e+00	6580
552	1.000000000000000e+00	6800
553	1.000000000000000e+00	7480
554	1.000000000000000e+00	7200
555	1.000000000000000e+00	7020
556	1.000000000000000e+00	7500
557	1.000000000000000e+00	7720
558	1.000000000000000e+00	7160
559	1.000000000000000e+00	6840
560	1.000000000000000e+00	7920
561	1.000000000000000e+00	6700
562	1.000000000000000e+00	7420
563	1.000000000000000e+00	6240
564	1.000000000000000e+00	7440
565	1.000000000000000e+00	6720
566	1.000000000000000e+00	6760
567	1.000000000000000e+00	7100
568	1.000000000000000e+00	7040
569	1.000000000000000e+00	7980
570	1.000000000000000e+00	6960
571	1.000000000000000e+00	6940
572	1.000000000000000e+00	7520
573	1.000000000000000e+00	7460
574	1.000000000000000e+00	7940
575	1.000000000000000e+00	6920
576	1.000000000000000e+00	7520
577	1.000000000000000e+00	6780
578	1.000000000000000e+00	7440
579	1.000000000000000e+00	7780
580	1.000000000000000e+00	7700
581	1.000000000000000e+00	7620
582	1.000000000000000e+00	6940
583	1.000000000000000e+00	6740
584	1.000000000000000e+00	6800
585	1.000000000000000e+00	7400
586	1.000000000000000e+00	7860
587	1.000000000000000e+00	7560
588	1.000000000000000e+00	7680
589	1.000000000000000e+00	7500
590	1.000000000000000e+00	7280
591	1.000000000000000e+00	7520
592	1.000000000000000e+00	6520
593	1.000000000000000e+00	7720
594	1.000000000000000e+00	7040
595	1.000000000000000e+00	7180
596	1.000000000000000e+00	7760
597	1.000000000000000e+00	6940
598	1.000000000000000e+00	7680
599	1.000000000000000e+00	6520
600	1.000000000000000e+00	6400
601	1.000000000000000e+00	7320
602	1.000000000000000e+00	6300
603	1.000000000000000e+00	8180
604	1.000000000000000e+00	7280
605	1.000000000000000e+00	6380
606	1.000000000000000e+00	7020
607	1.000000000000000e+00	6700
608	1.000000000000000e+00	7620
609	1.000000000000000e+00	6780
610	1.000000000000000e+00	6040
611	1.000000000000000e+00	6840
612	1.000000000000000e+00	7400
613	1.000000000000000e+00	6960
614	1.000000000000000e+00	6300
615	1.000000000000000e+00	7600
616	1.000000000000000e+00	6220
617	1.000000000000000e+00	7080
618	1.000000000000000e+00	6920
619	1.000000000000000e+00	7480
620	1.000000000000000e+00	6380
621	1.000000000000000e+00	6480
622	1.000000000000000e+00	6680
623	1.000000000000000e+00	6400
624	1.000000000000000e+00	6420
625	1.000000000000000e+00	6360
626	1.000000000000000e+00	7120
627	1.000000000000000e+00	6700
628	1.000000000000000e+00	6940
629	1.000000000000000e+00	6580
630	1.000000000000000e+00	6780
631	1.000000000000000e+00	6620
632	1.000000000000000e+00	6280
633	1.000000000000000e+00	6820
634	1.000000000000000e+00	6260
635	1.000000000000000e+00	6800
636	1.000000000000000e+00	6700
637	1.000000000000000e+00	6900
638	1.000000000000000e+00	6020
639	1.000000000000000e+00	6620
640	1.000000000000000e+00	6220
641	1.000000000000000e+00	6500
642	1.000000000000000e+00	6240
643	1.000000000000000e+00	6820
644	1.000000000000000e+00	6160
645	1.000000000000000e+00	5880
646	1.000000000000000e+00	6200
647	1.000000000000000e+00	5760
648	1.000000000000000e+00	5600
649	1.000000000000000e+00	5680
650	1.000000000000000e+00	6860
651	1.000000000000000e+00	6560
652	1.000000000000000e+00	6200
653	1.000000000000000e+00	6980
654	1.000000000000000e+00	7100
655	1.000000000000000e+00	6600
656	1.000000000000000e+00	6120
657	1.000000000000000e+00	5960
658	1.000000000000000e+00	6560
659	1.000000000000000e+00	6380
660	1.000000000000000e+00	6240
661	1.000000000000000e+00	6940
662	1.000000000000000e+00	6380
663	1.000000000000000e+00	6100
664	1.000000000000000e+00	6940
665	1.000000000000000e+00	6680
666	1.000000000000000e+00	6160
667	1.000000000000000e+00	6780
668	1.000000000000000e+00	6840
669	1.000000000000000e+00	6560
670	1.000000000000000e+00	6660
671	1.000000000000000e+00	6740
672	1.000000000000000e+00	7080
673	1.000000000000000e+00	6360
674	1.000000000000000e+00	7420
675	1.000000000000000e+00	6900
676	1.000000000000000e+00	7180
677	1.000000000000000e+00	7740
678	1.000000000000000e+00	6940
679	1.000000000000000e+00	7060
680	1.000000000000000e+00	6940
681	1.000000000000000e+00	7600
682	1.000000000000000e+00	6860
683	1.000000000000000e+00	7360
684	1.000000000000000e+00	6940
685	1.000000000000000e+00	6700
686	1.000000000000000e+00	6360
687	1.000000000000000e+00	6780
688	1.000000000000000e+00	6940
689	1.000000000000000e+00	6740
690	1.000000000000000e+00	7020
691	1.000000000000000e+00	6460
692	1.000000000000000e+00	6060
693	1.000000000000000e+00	6660
694	1.000000000000000e+00	6740
695	1.000000000000000e+00	6760
696	1.000000000000000e+00	6880
697	1.000000000000000e+00	7360
698	1.000000000000000e+00	7020
699	1.000000000000000e+00	7140
700	1.000000000000000e+00	6900
701	1.000000000000000e+00	5940
702	1.000000000000000e+00	6340
703	1.000000000000000e+00	6300
704	1.000000000000000e+00	6620
705	1.000000000000000e+00	6220
706	1.000000000000000e+00	5700
707	1.000000000000000e+00	6640
708	1.000000000000000e+00	6440
709	1.000000000000000e+00	5740
710	1.000000000000000e+00	6320
711	1.000000000000000e+00	6660
712	1.000000000000000e+00	6180
713	1.000000000000000e+00	6760
714	1.000000000000000e+00	6040
715	1.000000000000000e+00	6840
716	1.000000000000000e+00	7280
717	1.000000000000000e+00	6740
718	1.000000000000000e+00	7180
719	1.000000000000000e+00	7220
720	1.000000000000000e+00	7360
721	1.000000000000000e+00	6740
722	1.000000000000000e+00	6280
723	1.000000000000000e+00	6940
724	1.000000000000000e+00	6520
725	1.000000000000000e+00	7660
726	1.000000000000000e+00	7160
727	1.000000000000000e+00	7060
728	1.000000000000000e+00	5540
729	1.000000000000000e+00	6640
730	1.000000000000000e+00	7280
731	1.000000000000000e+00	6980
732	1.000000000000000e+00	6540
733	1.000000000000000e+00	6880
734	1.000000000000000e+00	7680
735	1.000000000000000e+00	6760
736	1.000000000000000e+00	6840
737	1.000000000000000e+00	6900
738	1.000000000000000e+00	6460
739	1.000000000000000e+00	7380
740	1.000000000000000e+00	6960
741	1.000000000000000e+00	6980
742	1.000000000000000e+00	7020
743	1.000000000000000e+00	6620
744	1.000000000000000e+00	6220
745	1.000000000000000e+00	6280
746	1.000000000000000e+00	5620
747	1.000000000000000e+00	6640
748	1.000000000000000e+00	6840
749	1.000000000000000e+00	6080
750	1.000000000000000e+00	6700
751	1.000000000000000e+00	6600
752	1.000000000000000e+00	5980
753	1.000000000000000e+00	6180
754	1.000000000000000e+00	5880
755	1.000000000000000e+00	6280
756	1.000000000000000e+00	6840
757	1.000000000000000e+00	6880
758	1.000000000000000e+00	6660
759	1.000000000000000e+00	5700
760	1.000000000000000e+00	6400
761	1.000000000000000e+00	6180
762	1.000000000000000e+00	6180
763	1.000000000000000e+00	7460
764	1.000000000000000e+00	6280
765	1.000000000000000e+00	6160
766	1.000000000000000e+00	5300
767	1.000000000000000e+00	7040
768	1.000000000000000e+00	6200
769	1.000000000000000e+00	6380
770	1.000000000000000e+00	5460
771	1.000000000000000e+00	5700
772	1.000000000000000e+00	6460
773	1.000000000000000e+00	6120
774	1.000000000000000e+00	6300
775	1.000000000000000e+00	6220
776	1.000000000000000e+00	6660
777	1.000000000000000e+00	6200
778	1.000000000000000e+00	6280
779	1.000000000000000e+00	6660
780	1.000000000000000e+00	6000
781	1.000000000000000e+00	5820
782	1.000000000000000e+00	6680
783	1.000000000000000e+00	6680
784	1.000000000000000e+00	6880
785	1.000000000000000e+00	6480
786	1.000000000000000e+00	6640
787	1.000000000000000e+00	5540
788	1.000000000000000e+00	6980
789	1.000000000000000e+00	6560
790	1.000000000000000e+00	7200
791	1.000000000000000e+00	6380
792	1.000000000000000e+00	6200
793	1.000000000000000e+00	5820
794	1.000000000000000e+00	6440
795	1.000000000000000e+00	6980
796	1.000000000000000e+00	6640
797	1.000000000000000e+00	6480
798	1.000000000000000e+00	6620
799	1.000000000000000e+00	6160
800	1.000000000000000e+00	7140
801	1.000000000000000e+00	6660
802	1.000000000000000e+00	6940
803	1.000000000000000e+00	6680
804	1.000000000000000e+00	6560
805	1.000000000000000e+00	7180
806	1.000000000000000e+00	7060
807	1.000000000000000e+00	7060
808	1.000000000000000e+00	7220
809	1.000000000000000e+00	6740
810	1.000000000000000e+00	6940
811	1.000000000000000e+00	6680
812	1.000000000000000e+00	7520
813	1.000000000000000e+00	7360
814	1.000000000000000e+00	6820
815	1.000000000000000e+00	7440
816	1.000000000000000e+00	6360
817	1.000000000000000e+00	7460
818	1.000000000000000e+00	6620
819	1.000000000000000e+00	6960
820	1.000000000000000e+00	6720
821	1.000000000000000e+00	7620
822	1.000000000000000e+00	7240
823	1.000000000000000e+00	7560
824	1.000000000000000e+00	6500
825	1.000000000000000e+00	7380
826	1.000000000000000e+00	6800
827	1.000000000000000e+00	7540
828	1.000000000000000e+00	6720
829	1.000000000000000e+00	7180
830	1.000000000000000e+00	6780
831	1.000000000000000e+00	6840
832	1.000000000000000e+00	6300
833	1.000000000000000e+00	7040
834	1.000000000000000e+00	6620
835	1.000000000000000e+00	8000
836	1.000000000000000e+00	5820
837	1.000000000000000e+00	6880
838	1.000000000000000e+00	6340
839	1.000000000000000e+00	7200
840	1.000000000000000e+00	7020
841	1.000000000000000e+00	7120
842	1.000000000000000e+00	6320
843	1.000000000000000e+00	6580
844	1.000000000000000e+00	7940
845	1.000000000000000e+00	6720
846	1.000000000000000e+00	6620
847	1.000000000000000e+00	6320
848	1.000000000000000e+00	6460
849	1.000000000000000e+00	5780
850	1.000000000000000e+00	5620
851	1.000000000000000e+00	6540
852	1.000000000000000e+00	6300
853	1.000000000000000e+00	6320
854	1.000000000000000e+00	6280
855	1.000000000000000e+00	6240
856	1.000000000000000e+00	5780
857	1.000000000000000e+00	6980
858	1.000000000000000e+00	6820
859	1.000000000000000e+00	7060
860	1.000000000000000e+00	6900
861	1.000000000000000e+00	6120
862	1.000000000000000e+00	6480
863	1.000000000000000e+00	6520
864	1.000000000000000e+00	6620
865	1.000000000000000e+00	6920
866	1.000000000000000e+00	6740
867	1.000000000000000e+00	7180
868	1.000000000000000e+00	6100
869	1.000000000000000e+00	5980
870	1.000000000000000e+00	6340
871	1.000000000000000e+00	6340
872	1.000000000000000e+00	6220
873	1.000000000000000e+00	6680
874	1.000000000000000e+00	6560
875	1.000000000000000e+00	5660
876	1.000000000000000e+00	6180
877	1.000000000000000e+00	6400
878	1.000000000000000e+00	6360
879	1.000000000000000e+00	5340
880	1.000000000000000e+00	6340
881	1.000000000000000e+00	6780
882	1.000000000000000e+00	7040
883	1.000000000000000e+00	6580
884	1.000000000000000e+00	6720
885	1.000000000000000e+00	6140
886	1.000000000000000e+00	7320
887	1.000000000000000e+00	6620
888	1.000000000000000e+00	7040
889	1.000000000000000e+00	7340
890	1.000000000000000e+00	6340
891	1.000000000000000e+00	6760
892	1.000000000000000e+00	7120
893	1.000000000000000e+00	6820
894	1.000000000000000e+00	6760
895	1.000000000000000e+00	6840
896	1.000000000000000e+00	6220
897	1.000000000000000e+00	6440
898	1.000000000000000e+00	6460
899	1.000000000000000e+00	7100
900	1.000000000000000e+00	6640
901	1.000000000000000e+00	6760
902	1.000000000000000e+00	6920
903	1.000000000000000e+00	6920
904	1.000000000000000e+00	7160
905	1.000000000000000e+00	7180
906	1.000000000000000e+00	6600
907	1.000000000000000e+00	6920
908	1.000000000000000e+00	7480
909	1.000000000000000e+00	6920
910	1.000000000000000e+00	7720
911	1.000000000000000e+00	7180
912	1.000000000000000e+00	6780
913	1.000000000000000e+00	7120
914	1.000000000000000e+00	6520
915	1.000000000000000e+00	6340
916	1.000000000000000e+00	6960
917	1.000000000000000e+00	7160
918	1.000000000000000e+00	7640
919	1.000000000000000e+00	6660
920	1.000000000000000e+00	6700
921	1.000000000000000e+00	6640
922	1.000000000000000e+00	6980
923	1.000000000000000e+00	6800
924	1.000000000000000e+00	5680
925	1.000000000000000e+00	6740
926	1.000000000000000e+00	6000
927	1.000000000000000e+00	6340
928	1.000000000000000e+00	6960
929	1.000000000000000e+00	6520
930	1.000000000000000e+00	6600
931	1.000000000000000e+00	7240
932	1.000000000000000e+00	6900
933	1.000000000000000e+00	6960
934	1.000000000000000e+00	6460
935	1.000000000000000e+00	7220
936	1.000000000000000e+00	6380
937	1.000000000000000e+00	6080
938	1.000000000000000e+00	6000
939	1.000000000000000e+00	6800
940	1.000000000000000e+00	7520
941	1.000000000000000e+00	6920
942	1.000000000000000e+00	6980
943	1.000000000000000e+00	7400
944	1.000000000000000e+00	7520
945	1.000000000000000e+00	7480
946	1.000000000000000e+00	7800
947	1.000000000000000e+00	7560
948	1.000000000000000e+00	7620
949	1.000000000000000e+00	8280
950	1.000000000000000e+00	7880
951	1.000000000000000e+00	8300
952	1.000000000000000e+00	8620
953	1.000000000000000e+00	8020
954	1.000000000000000e+00	7360
955	1.000000000000000e+00	7620
956	1.000000000000000e+00	7060
957	1.000000000000000e+00	8340
958	1.000000000000000e+00	6660
959	1.000000000000000e+00	7760
960	1.000000000000000e+00	6760
961	1.000000000000000e+00	7240
962	1.000000000000000e+00	7080
963	1.000000000000000e+00	7000
964	1.000000000000000e+00	7180
965	1.000000000000000e+00	6780
966	1.000000000000000e+00	7040
967	1.000000000000000e+00	6900
968	1.000000000000000e+00	6400
969	1.000000000000000e+00	6360
970	1.000000000000000e+00	6240
971	1.000000000000000e+00	6980
972	1.000000000000000e+00	6240
973	1.000000000000000e+00	6380
974	1.000000000000000e+00	6740
975	1.000000000000000e+00	6620
976	1.000000000000000e+00	6800
977	1.000000000000000e+00	6340
978	1.000000000000000e+00	6960
979	1.000000000000000e+00	5680
980	1.000000000000000e+00	6080
981	1.000000000000000e+00	6720
982	1.000000000000000e+00	5900
983	1.000000000000000e+00	6580
984	1.000000000000000e+00	5880
985	1.000000000000000e+00	6760
986	1.000000000000000e+00	5700
987	1.000000000000000e+00	6280
988	1.000000000000000e+00	5960
989	1.000000000000000e+00	5880
990	1.000000000000000e+00	5820
991	1.000000000000000e+00	6880
992	1.000000000000000e+00	7440
993	1.000000000000000e+00	7140
994	1.000000000000000e+00	6460
995	1.000000000000000e+00	6940
996	1.000000000000000e+00	6960
997	1.000000000000000e+00	6260
998	1.000000000000000e+00	7420
999	1.000000000000000e+00	6960
1000	1.000000000000000e+00	6520


Tempo gasto: 51.580716
