Método usado: ANTCOLONY OPTIMIZATION

POSIÇÃO	ÁREA(mm²)	CUSTO

1	1.000000000000000e+00	32980
2	1.000000000000000e+00	32700
3	1.000000000000000e+00	34080
4	1.000000000000000e+00	36080
5	1.000000000000000e+00	33260
6	1.000000000000000e+00	34420
7	1.000000000000000e+00	34080
8	1.000000000000000e+00	33740
9	1.000000000000000e+00	37780
10	1.000000000000000e+00	33140
11	1.000000000000000e+00	33640
12	1.000000000000000e+00	32240
13	1.000000000000000e+00	33800
14	1.000000000000000e+00	32480
15	1.000000000000000e+00	32980
16	1.000000000000000e+00	32940
17	1.000000000000000e+00	33180
18	1.000000000000000e+00	34460
19	1.000000000000000e+00	32800
20	1.000000000000000e+00	33520
21	1.000000000000000e+00	33940
22	1.000000000000000e+00	32760
23	1.000000000000000e+00	33260
24	1.000000000000000e+00	32960
25	1.000000000000000e+00	35620
26	1.000000000000000e+00	35000
27	1.000000000000000e+00	33080
28	1.000000000000000e+00	34260
29	1.000000000000000e+00	33900
30	1.000000000000000e+00	33580
31	1.000000000000000e+00	33320
32	1.000000000000000e+00	35620
33	1.000000000000000e+00	34520
34	1.000000000000000e+00	33620
35	1.000000000000000e+00	31740
36	1.000000000000000e+00	32980
37	1.000000000000000e+00	34740
38	1.000000000000000e+00	32460
39	1.000000000000000e+00	34280
40	1.000000000000000e+00	32580
41	1.000000000000000e+00	33260
42	1.000000000000000e+00	32400
43	1.000000000000000e+00	33120
44	1.000000000000000e+00	31860
45	1.000000000000000e+00	33200
46	1.000000000000000e+00	33080
47	1.000000000000000e+00	33620
48	1.000000000000000e+00	33240
49	1.000000000000000e+00	34200
50	1.000000000000000e+00	34020
51	1.000000000000000e+00	33600
52	1.000000000000000e+00	35040
53	1.000000000000000e+00	33720
54	1.000000000000000e+00	33120
55	1.000000000000000e+00	33040
56	1.000000000000000e+00	31540
57	1.000000000000000e+00	32340
58	1.000000000000000e+00	31240
59	1.000000000000000e+00	33700
60	1.000000000000000e+00	33900
61	1.000000000000000e+00	34940
62	1.000000000000000e+00	34600
63	1.000000000000000e+00	34180
64	1.000000000000000e+00	32640
65	1.000000000000000e+00	34100
66	1.000000000000000e+00	33380
67	1.000000000000000e+00	33660
68	1.000000000000000e+00	33120
69	1.000000000000000e+00	33320
70	1.000000000000000e+00	34120
71	1.000000000000000e+00	33940
72	1.000000000000000e+00	35000
73	1.000000000000000e+00	33440
74	1.000000000000000e+00	32640
75	1.000000000000000e+00	35680
76	1.000000000000000e+00	34400
77	1.000000000000000e+00	32460
78	1.000000000000000e+00	35160
79	1.000000000000000e+00	33700
80	1.000000000000000e+00	32640
81	1.000000000000000e+00	33660
82	1.000000000000000e+00	34300
83	1.000000000000000e+00	34340
84	1.000000000000000e+00	34440
85	1.000000000000000e+00	33140
86	1.000000000000000e+00	34960
87	1.000000000000000e+00	35000
88	1.000000000000000e+00	35380
89	1.000000000000000e+00	33880
90	1.000000000000000e+00	33560
91	1.000000000000000e+00	35660
92	1.000000000000000e+00	33560
93	1.000000000000000e+00	34460
94	1.000000000000000e+00	33580
95	1.000000000000000e+00	33260
96	1.000000000000000e+00	33040
97	1.000000000000000e+00	33900
98	1.000000000000000e+00	33580
99	1.000000000000000e+00	33220
100	1.000000000000000e+00	34380
101	1.000000000000000e+00	33500
102	1.000000000000000e+00	34100
103	1.000000000000000e+00	34060
104	1.000000000000000e+00	33520
105	1.000000000000000e+00	33120
106	1.000000000000000e+00	33820
107	1.000000000000000e+00	34520
108	1.000000000000000e+00	34000
109	1.000000000000000e+00	34200
110	1.000000000000000e+00	32740
111	1.000000000000000e+00	33200
112	1.000000000000000e+00	32520
113	1.000000000000000e+00	33800
114	1.000000000000000e+00	34000
115	1.000000000000000e+00	34400
116	1.000000000000000e+00	32820
117	1.000000000000000e+00	33120
118	1.000000000000000e+00	33900
119	1.000000000000000e+00	33760
120	1.000000000000000e+00	33660
121	1.000000000000000e+00	32600
122	1.000000000000000e+00	35740
123	1.000000000000000e+00	34420
124	1.000000000000000e+00	34340
125	1.000000000000000e+00	34740
126	1.000000000000000e+00	35900
127	1.000000000000000e+00	32460
128	1.000000000000000e+00	33440
129	1.000000000000000e+00	34340
130	1.000000000000000e+00	32800
131	1.000000000000000e+00	34820
132	1.000000000000000e+00	32940
133	1.000000000000000e+00	33400
134	1.000000000000000e+00	31600
135	1.000000000000000e+00	33620
136	1.000000000000000e+00	33160
137	1.000000000000000e+00	33720
138	1.000000000000000e+00	32500
139	1.000000000000000e+00	32960
140	1.000000000000000e+00	33940
141	1.000000000000000e+00	33460
142	1.000000000000000e+00	32940
143	1.000000000000000e+00	34240
144	1.000000000000000e+00	35580
145	1.000000000000000e+00	34700
146	1.000000000000000e+00	32840
147	1.000000000000000e+00	33960
148	1.000000000000000e+00	32060
149	1.000000000000000e+00	35040
150	1.000000000000000e+00	32060
151	1.000000000000000e+00	34580
152	1.000000000000000e+00	34280
153	1.000000000000000e+00	34700
154	1.000000000000000e+00	34080
155	1.000000000000000e+00	32860
156	1.000000000000000e+00	34200
157	1.000000000000000e+00	34520
158	1.000000000000000e+00	35620
159	1.000000000000000e+00	34100
160	1.000000000000000e+00	33360
161	1.000000000000000e+00	33480
162	1.000000000000000e+00	35020
163	1.000000000000000e+00	33720
164	1.000000000000000e+00	35340
165	1.000000000000000e+00	33620
166	1.000000000000000e+00	32520
167	1.000000000000000e+00	34020
168	1.000000000000000e+00	34680
169	1.000000000000000e+00	35020
170	1.000000000000000e+00	33060
171	1.000000000000000e+00	34140
172	1.000000000000000e+00	33840
173	1.000000000000000e+00	34080
174	1.000000000000000e+00	33760
175	1.000000000000000e+00	35480
176	1.000000000000000e+00	33660
177	1.000000000000000e+00	34760
178	1.000000000000000e+00	33660
179	1.000000000000000e+00	34380
180	1.000000000000000e+00	33460
181	1.000000000000000e+00	32380
182	1.000000000000000e+00	33140
183	1.000000000000000e+00	33080
184	1.000000000000000e+00	32720
185	1.000000000000000e+00	33720
186	1.000000000000000e+00	34800
187	1.000000000000000e+00	34300
188	1.000000000000000e+00	33640
189	1.000000000000000e+00	34900
190	1.000000000000000e+00	31760
191	1.000000000000000e+00	32980
192	1.000000000000000e+00	32880
193	1.000000000000000e+00	33940
194	1.000000000000000e+00	33080
195	1.000000000000000e+00	34880
196	1.000000000000000e+00	33680
197	1.000000000000000e+00	33760
198	1.000000000000000e+00	33020
199	1.000000000000000e+00	35360
200	1.000000000000000e+00	34980
201	1.000000000000000e+00	33680
202	1.000000000000000e+00	33840
203	1.000000000000000e+00	33520
204	1.000000000000000e+00	34100
205	1.000000000000000e+00	32540
206	1.000000000000000e+00	32160
207	1.000000000000000e+00	34960
208	1.000000000000000e+00	33440
209	1.000000000000000e+00	34460
210	1.000000000000000e+00	34280
211	1.000000000000000e+00	35120
212	1.000000000000000e+00	34660
213	1.000000000000000e+00	33140
214	1.000000000000000e+00	34900
215	1.000000000000000e+00	33520
216	1.000000000000000e+00	33940
217	1.000000000000000e+00	33680
218	1.000000000000000e+00	33460
219	1.000000000000000e+00	34100
220	1.000000000000000e+00	35960
221	1.000000000000000e+00	35140
222	1.000000000000000e+00	33300
223	1.000000000000000e+00	33240
224	1.000000000000000e+00	33200
225	1.000000000000000e+00	34620
226	1.000000000000000e+00	34260
227	1.000000000000000e+00	32440
228	1.000000000000000e+00	35380
229	1.000000000000000e+00	32740
230	1.000000000000000e+00	34280
231	1.000000000000000e+00	33500
232	1.000000000000000e+00	37620
233	1.000000000000000e+00	34240
234	1.000000000000000e+00	33720
235	1.000000000000000e+00	32200
236	1.000000000000000e+00	34560
237	1.000000000000000e+00	32900
238	1.000000000000000e+00	34620
239	1.000000000000000e+00	33780
240	1.000000000000000e+00	33500
241	1.000000000000000e+00	32580
242	1.000000000000000e+00	33820
243	1.000000000000000e+00	35140
244	1.000000000000000e+00	33520
245	1.000000000000000e+00	33980
246	1.000000000000000e+00	35940
247	1.000000000000000e+00	34180
248	1.000000000000000e+00	33420
249	1.000000000000000e+00	33060
250	1.000000000000000e+00	33480
251	1.000000000000000e+00	34560
252	1.000000000000000e+00	33640
253	1.000000000000000e+00	32120
254	1.000000000000000e+00	33840
255	1.000000000000000e+00	33440
256	1.000000000000000e+00	33680
257	1.000000000000000e+00	32360
258	1.000000000000000e+00	34860
259	1.000000000000000e+00	34900
260	1.000000000000000e+00	34220
261	1.000000000000000e+00	32720
262	1.000000000000000e+00	33440
263	1.000000000000000e+00	35120
264	1.000000000000000e+00	32720
265	1.000000000000000e+00	33780
266	1.000000000000000e+00	34240
267	1.000000000000000e+00	33440
268	1.000000000000000e+00	33880
269	1.000000000000000e+00	32960
270	1.000000000000000e+00	33480
271	1.000000000000000e+00	34040
272	1.000000000000000e+00	33300
273	1.000000000000000e+00	32860
274	1.000000000000000e+00	35100
275	1.000000000000000e+00	32800
276	1.000000000000000e+00	35420
277	1.000000000000000e+00	32880
278	1.000000000000000e+00	33820
279	1.000000000000000e+00	32800
280	1.000000000000000e+00	34100
281	1.000000000000000e+00	33180
282	1.000000000000000e+00	34880
283	1.000000000000000e+00	33660
284	1.000000000000000e+00	33180
285	1.000000000000000e+00	33720
286	1.000000000000000e+00	33960
287	1.000000000000000e+00	34780
288	1.000000000000000e+00	34800
289	1.000000000000000e+00	35140
290	1.000000000000000e+00	35880
291	1.000000000000000e+00	32000
292	1.000000000000000e+00	34540
293	1.000000000000000e+00	34600
294	1.000000000000000e+00	33580
295	1.000000000000000e+00	33260
296	1.000000000000000e+00	33080
297	1.000000000000000e+00	33620
298	1.000000000000000e+00	31760
299	1.000000000000000e+00	34580
300	1.000000000000000e+00	34320
301	1.000000000000000e+00	33640
302	1.000000000000000e+00	32460
303	1.000000000000000e+00	33800
304	1.000000000000000e+00	34420
305	1.000000000000000e+00	33300
306	1.000000000000000e+00	32860
307	1.000000000000000e+00	31820
308	1.000000000000000e+00	33680
309	1.000000000000000e+00	32920
310	1.000000000000000e+00	32860
311	1.000000000000000e+00	34740
312	1.000000000000000e+00	33840
313	1.000000000000000e+00	34300
314	1.000000000000000e+00	34800
315	1.000000000000000e+00	33420
316	1.000000000000000e+00	32460
317	1.000000000000000e+00	33320
318	1.000000000000000e+00	34260
319	1.000000000000000e+00	33020
320	1.000000000000000e+00	35100
321	1.000000000000000e+00	34960
322	1.000000000000000e+00	34220
323	1.000000000000000e+00	34720
324	1.000000000000000e+00	35380
325	1.000000000000000e+00	33580
326	1.000000000000000e+00	32900
327	1.000000000000000e+00	35240
328	1.000000000000000e+00	33660
329	1.000000000000000e+00	32140
330	1.000000000000000e+00	35600
331	1.000000000000000e+00	31640
332	1.000000000000000e+00	32380
333	1.000000000000000e+00	34820
334	1.000000000000000e+00	33320
335	1.000000000000000e+00	32380
336	1.000000000000000e+00	34260
337	1.000000000000000e+00	33580
338	1.000000000000000e+00	33860
339	1.000000000000000e+00	33840
340	1.000000000000000e+00	33580
341	1.000000000000000e+00	34280
342	1.000000000000000e+00	33180
343	1.000000000000000e+00	33400
344	1.000000000000000e+00	33800
345	1.000000000000000e+00	33360
346	1.000000000000000e+00	33020
347	1.000000000000000e+00	34980
348	1.000000000000000e+00	33320
349	1.000000000000000e+00	33940
350	1.000000000000000e+00	33800
351	1.000000000000000e+00	35320
352	1.000000000000000e+00	35500
353	1.000000000000000e+00	33920
354	1.000000000000000e+00	33820
355	1.000000000000000e+00	33940
356	1.000000000000000e+00	32640
357	1.000000000000000e+00	33500
358	1.000000000000000e+00	33620
359	1.000000000000000e+00	34380
360	1.000000000000000e+00	33620
361	1.000000000000000e+00	32560
362	1.000000000000000e+00	34360
363	1.000000000000000e+00	34540
364	1.000000000000000e+00	34240
365	1.000000000000000e+00	33420
366	1.000000000000000e+00	34100
367	1.000000000000000e+00	33480
368	1.000000000000000e+00	33380
369	1.000000000000000e+00	33040
370	1.000000000000000e+00	33820
371	1.000000000000000e+00	34620
372	1.000000000000000e+00	32720
373	1.000000000000000e+00	33700
374	1.000000000000000e+00	35080
375	1.000000000000000e+00	34360
376	1.000000000000000e+00	33500
377	1.000000000000000e+00	34840
378	1.000000000000000e+00	34520
379	1.000000000000000e+00	32320
380	1.000000000000000e+00	34440
381	1.000000000000000e+00	33840
382	1.000000000000000e+00	35580
383	1.000000000000000e+00	32960
384	1.000000000000000e+00	33960
385	1.000000000000000e+00	35160
386	1.000000000000000e+00	34500
387	1.000000000000000e+00	32740
388	1.000000000000000e+00	35200
389	1.000000000000000e+00	35400
390	1.000000000000000e+00	32700
391	1.000000000000000e+00	33240
392	1.000000000000000e+00	33320
393	1.000000000000000e+00	34600
394	1.000000000000000e+00	33720
395	1.000000000000000e+00	33560
396	1.000000000000000e+00	33920
397	1.000000000000000e+00	33720
398	1.000000000000000e+00	33780
399	1.000000000000000e+00	33720
400	1.000000000000000e+00	34460
401	1.000000000000000e+00	33020
402	1.000000000000000e+00	33420
403	1.000000000000000e+00	34640
404	1.000000000000000e+00	34340
405	1.000000000000000e+00	34200
406	1.000000000000000e+00	32620
407	1.000000000000000e+00	33580
408	1.000000000000000e+00	33400
409	1.000000000000000e+00	34340
410	1.000000000000000e+00	34800
411	1.000000000000000e+00	33380
412	1.000000000000000e+00	32940
413	1.000000000000000e+00	34380
414	1.000000000000000e+00	31900
415	1.000000000000000e+00	33920
416	1.000000000000000e+00	32880
417	1.000000000000000e+00	32260
418	1.000000000000000e+00	32160
419	1.000000000000000e+00	33600
420	1.000000000000000e+00	34240
421	1.000000000000000e+00	31260
422	1.000000000000000e+00	35220
423	1.000000000000000e+00	33760
424	1.000000000000000e+00	36000
425	1.000000000000000e+00	32900
426	1.000000000000000e+00	34000
427	1.000000000000000e+00	34600
428	1.000000000000000e+00	34380
429	1.000000000000000e+00	34780
430	1.000000000000000e+00	35420
431	1.000000000000000e+00	36240
432	1.000000000000000e+00	35280
433	1.000000000000000e+00	32340
434	1.000000000000000e+00	33320
435	1.000000000000000e+00	34660
436	1.000000000000000e+00	34120
437	1.000000000000000e+00	34540
438	1.000000000000000e+00	33500
439	1.000000000000000e+00	37180
440	1.000000000000000e+00	34500
441	1.000000000000000e+00	35440
442	1.000000000000000e+00	33960
443	1.000000000000000e+00	34000
444	1.000000000000000e+00	31700
445	1.000000000000000e+00	33420
446	1.000000000000000e+00	33820
447	1.000000000000000e+00	33640
448	1.000000000000000e+00	33380
449	1.000000000000000e+00	32720
450	1.000000000000000e+00	34140
451	1.000000000000000e+00	34380
452	1.000000000000000e+00	34500
453	1.000000000000000e+00	34300
454	1.000000000000000e+00	34400
455	1.000000000000000e+00	34120
456	1.000000000000000e+00	34120
457	1.000000000000000e+00	32340
458	1.000000000000000e+00	33160
459	1.000000000000000e+00	33400
460	1.000000000000000e+00	32840
461	1.000000000000000e+00	34440
462	1.000000000000000e+00	34260
463	1.000000000000000e+00	34300
464	1.000000000000000e+00	34100
465	1.000000000000000e+00	33600
466	1.000000000000000e+00	33460
467	1.000000000000000e+00	34060
468	1.000000000000000e+00	33160
469	1.000000000000000e+00	34020
470	1.000000000000000e+00	33260
471	1.000000000000000e+00	33340
472	1.000000000000000e+00	33060
473	1.000000000000000e+00	34620
474	1.000000000000000e+00	33180
475	1.000000000000000e+00	33480
476	1.000000000000000e+00	32600
477	1.000000000000000e+00	34920
478	1.000000000000000e+00	34740
479	1.000000000000000e+00	33700
480	1.000000000000000e+00	32800
481	1.000000000000000e+00	33360
482	1.000000000000000e+00	34380
483	1.000000000000000e+00	34700
484	1.000000000000000e+00	31860
485	1.000000000000000e+00	34680
486	1.000000000000000e+00	33060
487	1.000000000000000e+00	34500
488	1.000000000000000e+00	33240
489	1.000000000000000e+00	34220
490	1.000000000000000e+00	34800
491	9.500000000000001e-01	70280
492	9.000000000000000e-01	71300
493	8.500000000000001e-01	279900
494	8.000000000000000e-01	279900
495	7.500000000000000e-01	71160
496	7.000000000000001e-01	69920
497	6.500000000000000e-01	72060
498	6.000000000000001e-01	71280
499	5.500000000000000e-01	70280
500	5.000000000000000e-01	71280
501	5.500000000000000e-01	71680
502	6.000000000000001e-01	71040
503	6.500000000000000e-01	73360
504	7.000000000000001e-01	71480
505	7.500000000000000e-01	72100
506	8.000000000000000e-01	71940
507	8.500000000000001e-01	73800
508	9.000000000000000e-01	70900
509	9.500000000000001e-01	74000
510	9.000000000000000e-01	72820
511	8.500000000000001e-01	71620
512	8.000000000000000e-01	71960
513	7.500000000000000e-01	71220
514	8.000000000000000e-01	73040
515	8.500000000000001e-01	73520
516	9.000000000000000e-01	72960
517	9.500000000000001e-01	72220
518	1.000000000000000e+00	72380
519	1.000000000000000e+00	73560
520	1.000000000000000e+00	71360
521	1.000000000000000e+00	71900
522	1.000000000000000e+00	72780
523	1.000000000000000e+00	72400
524	1.000000000000000e+00	72820
525	1.000000000000000e+00	72660
526	1.000000000000000e+00	73200
527	1.000000000000000e+00	73240
528	1.000000000000000e+00	71360
529	1.000000000000000e+00	39060
530	1.000000000000000e+00	71240
531	1.000000000000000e+00	70460
532	1.000000000000000e+00	39900
533	1.000000000000000e+00	39900
534	1.000000000000000e+00	37880
535	1.000000000000000e+00	72220
536	1.000000000000000e+00	41320
537	1.000000000000000e+00	74700
538	1.000000000000000e+00	72380
539	1.000000000000000e+00	73220
540	1.000000000000000e+00	73640
541	1.000000000000000e+00	73160
542	1.000000000000000e+00	42440
543	1.000000000000000e+00	73420
544	1.000000000000000e+00	41880
545	1.000000000000000e+00	41900
546	1.000000000000000e+00	39600
547	1.000000000000000e+00	40260
548	1.000000000000000e+00	39260
549	1.000000000000000e+00	41320
550	1.000000000000000e+00	38400
551	1.000000000000000e+00	38100
552	1.000000000000000e+00	39080
553	1.000000000000000e+00	40180
554	1.000000000000000e+00	40160
555	1.000000000000000e+00	41360
556	1.000000000000000e+00	38960
557	1.000000000000000e+00	41280
558	1.000000000000000e+00	40360
559	1.000000000000000e+00	40340
560	1.000000000000000e+00	41940
561	1.000000000000000e+00	39680
562	1.000000000000000e+00	42000
563	1.000000000000000e+00	39220
564	1.000000000000000e+00	40100
565	1.000000000000000e+00	39340
566	1.000000000000000e+00	38880
567	1.000000000000000e+00	40260
568	1.000000000000000e+00	40320
569	1.000000000000000e+00	39420
570	1.000000000000000e+00	40060
571	1.000000000000000e+00	39440
572	1.000000000000000e+00	41640
573	1.000000000000000e+00	39660
574	1.000000000000000e+00	41100
575	1.000000000000000e+00	40800
576	1.000000000000000e+00	42500
577	1.000000000000000e+00	39300
578	1.000000000000000e+00	41060
579	1.000000000000000e+00	40000
580	1.000000000000000e+00	41400
581	1.000000000000000e+00	41520
582	1.000000000000000e+00	39860
583	1.000000000000000e+00	41020
584	1.000000000000000e+00	38600
585	1.000000000000000e+00	42440
586	1.000000000000000e+00	41740
587	1.000000000000000e+00	41160
588	1.000000000000000e+00	41880
589	1.000000000000000e+00	41000
590	1.000000000000000e+00	40860
591	1.000000000000000e+00	42520
592	1.000000000000000e+00	41220
593	1.000000000000000e+00	41020
594	1.000000000000000e+00	41940
595	1.000000000000000e+00	39340
596	1.000000000000000e+00	41160
597	1.000000000000000e+00	41160
598	1.000000000000000e+00	41800
599	1.000000000000000e+00	38360
600	1.000000000000000e+00	39780
601	1.000000000000000e+00	41820
602	1.000000000000000e+00	39040
603	1.000000000000000e+00	41200
604	1.000000000000000e+00	39840
605	1.000000000000000e+00	39240
606	1.000000000000000e+00	40760
607	1.000000000000000e+00	41520
608	1.000000000000000e+00	42040
609	1.000000000000000e+00	41420
610	1.000000000000000e+00	40060
611	1.000000000000000e+00	41240
612	1.000000000000000e+00	42800
613	1.000000000000000e+00	42780
614	1.000000000000000e+00	41420
615	1.000000000000000e+00	40640
616	1.000000000000000e+00	42000
617	1.000000000000000e+00	40260
618	1.000000000000000e+00	40760
619	1.000000000000000e+00	41760
620	1.000000000000000e+00	40600
621	1.000000000000000e+00	40740
622	1.000000000000000e+00	42540
623	1.000000000000000e+00	40780
624	1.000000000000000e+00	41820
625	1.000000000000000e+00	40640
626	1.000000000000000e+00	42560
627	1.000000000000000e+00	40960
628	1.000000000000000e+00	40720
629	1.000000000000000e+00	40820
630	1.000000000000000e+00	41080
631	1.000000000000000e+00	42540
632	1.000000000000000e+00	41480
633	1.000000000000000e+00	42840
634	1.000000000000000e+00	39320
635	1.000000000000000e+00	42380
636	1.000000000000000e+00	41480
637	1.000000000000000e+00	40760
638	1.000000000000000e+00	40000
639	1.000000000000000e+00	40120
640	1.000000000000000e+00	38620
641	1.000000000000000e+00	38920
642	1.000000000000000e+00	40940
643	1.000000000000000e+00	41040
644	1.000000000000000e+00	40700
645	1.000000000000000e+00	40740
646	1.000000000000000e+00	41620
647	1.000000000000000e+00	39500
648	1.000000000000000e+00	41000
649	1.000000000000000e+00	39020
650	1.000000000000000e+00	41820
651	1.000000000000000e+00	40660
652	1.000000000000000e+00	40520
653	1.000000000000000e+00	39240
654	1.000000000000000e+00	40320
655	1.000000000000000e+00	38580
656	1.000000000000000e+00	39980
657	1.000000000000000e+00	38900
658	1.000000000000000e+00	39500
659	1.000000000000000e+00	40640
660	1.000000000000000e+00	38440
661	1.000000000000000e+00	41340
662	1.000000000000000e+00	39960
663	1.000000000000000e+00	39520
664	1.000000000000000e+00	40000
665	1.000000000000000e+00	41020
666	1.000000000000000e+00	40320
667	1.000000000000000e+00	42060
668	1.000000000000000e+00	39500
669	1.000000000000000e+00	40680
670	1.000000000000000e+00	39840
671	1.000000000000000e+00	42440
672	1.000000000000000e+00	41460
673	1.000000000000000e+00	39340
674	1.000000000000000e+00	38600
675	1.000000000000000e+00	39820
676	1.000000000000000e+00	40740
677	1.000000000000000e+00	40520
678	1.000000000000000e+00	39720
679	1.000000000000000e+00	39220
680	1.000000000000000e+00	38800
681	1.000000000000000e+00	42540
682	1.000000000000000e+00	39780
683	1.000000000000000e+00	39440
684	1.000000000000000e+00	38500
685	1.000000000000000e+00	37940
686	1.000000000000000e+00	38220
687	1.000000000000000e+00	38740
688	1.000000000000000e+00	40600
689	1.000000000000000e+00	41620
690	1.000000000000000e+00	40220
691	1.000000000000000e+00	40620
692	1.000000000000000e+00	39700
693	1.000000000000000e+00	37860
694	1.000000000000000e+00	38060
695	1.000000000000000e+00	40200
696	1.000000000000000e+00	40220
697	1.000000000000000e+00	39580
698	1.000000000000000e+00	41840
699	1.000000000000000e+00	41760
700	1.000000000000000e+00	40960
701	1.000000000000000e+00	38300
702	1.000000000000000e+00	40380
703	1.000000000000000e+00	40960
704	1.000000000000000e+00	41180
705	1.000000000000000e+00	40120
706	1.000000000000000e+00	39780
707	1.000000000000000e+00	39280
708	1.000000000000000e+00	39120
709	1.000000000000000e+00	38180
710	1.000000000000000e+00	40940
711	1.000000000000000e+00	41300
712	1.000000000000000e+00	39700
713	1.000000000000000e+00	39540
714	1.000000000000000e+00	40320
715	1.000000000000000e+00	40340
716	1.000000000000000e+00	42880
717	1.000000000000000e+00	42880
718	1.000000000000000e+00	40980
719	1.000000000000000e+00	40580
720	1.000000000000000e+00	40040
721	1.000000000000000e+00	40580
722	1.000000000000000e+00	41640
723	1.000000000000000e+00	42860
724	1.000000000000000e+00	40940
725	1.000000000000000e+00	42220
726	1.000000000000000e+00	42900
727	1.000000000000000e+00	42120
728	1.000000000000000e+00	40860
729	1.000000000000000e+00	41820
730	1.000000000000000e+00	42820
731	1.000000000000000e+00	40520
732	1.000000000000000e+00	42300
733	1.000000000000000e+00	43640
734	1.000000000000000e+00	42940
735	1.000000000000000e+00	41620
736	1.000000000000000e+00	43320
737	1.000000000000000e+00	41860
738	1.000000000000000e+00	40780
739	1.000000000000000e+00	42980
740	1.000000000000000e+00	43580
741	1.000000000000000e+00	42040
742	1.000000000000000e+00	42480
743	1.000000000000000e+00	42580
744	1.000000000000000e+00	41980
745	1.000000000000000e+00	41640
746	1.000000000000000e+00	40900
747	1.000000000000000e+00	41620
748	1.000000000000000e+00	42940
749	1.000000000000000e+00	40460
750	1.000000000000000e+00	41980
751	1.000000000000000e+00	40200
752	1.000000000000000e+00	42180
753	1.000000000000000e+00	41020
754	1.000000000000000e+00	42220
755	1.000000000000000e+00	42460
756	1.000000000000000e+00	42560
757	1.000000000000000e+00	41280
758	1.000000000000000e+00	43280
759	1.000000000000000e+00	42460
760	1.000000000000000e+00	41700
761	1.000000000000000e+00	43760
762	1.000000000000000e+00	43140
763	1.000000000000000e+00	43960
764	1.000000000000000e+00	42820
765	1.000000000000000e+00	42840
766	1.000000000000000e+00	42440
767	1.000000000000000e+00	44780
768	1.000000000000000e+00	42000
769	1.000000000000000e+00	41780
770	1.000000000000000e+00	41800
771	1.000000000000000e+00	42880
772	1.000000000000000e+00	41920
773	1.000000000000000e+00	43020
774	1.000000000000000e+00	43300
775	1.000000000000000e+00	44700
776	1.000000000000000e+00	43520
777	1.000000000000000e+00	44220
778	1.000000000000000e+00	43400
779	1.000000000000000e+00	45880
780	1.000000000000000e+00	44680
781	1.000000000000000e+00	44580
782	1.000000000000000e+00	44140
783	1.000000000000000e+00	43940
784	1.000000000000000e+00	44440
785	1.000000000000000e+00	44080
786	1.000000000000000e+00	44720
787	1.000000000000000e+00	43820
788	1.000000000000000e+00	43960
789	1.000000000000000e+00	44620
790	1.000000000000000e+00	42880
791	1.000000000000000e+00	41900
792	1.000000000000000e+00	40760
793	1.000000000000000e+00	43500
794	1.000000000000000e+00	43560
795	1.000000000000000e+00	45060
796	1.000000000000000e+00	43880
797	1.000000000000000e+00	44300
798	1.000000000000000e+00	41800
799	1.000000000000000e+00	42120
800	1.000000000000000e+00	43460
801	1.000000000000000e+00	41700
802	1.000000000000000e+00	42600
803	1.000000000000000e+00	42020
804	1.000000000000000e+00	42240
805	1.000000000000000e+00	42640
806	1.000000000000000e+00	42840
807	1.000000000000000e+00	41320
808	1.000000000000000e+00	41640
809	1.000000000000000e+00	41780
810	1.000000000000000e+00	43600
811	1.000000000000000e+00	43480
812	1.000000000000000e+00	41640
813	1.000000000000000e+00	43120
814	1.000000000000000e+00	42420
815	1.000000000000000e+00	42980
816	1.000000000000000e+00	41160
817	1.000000000000000e+00	41060
818	1.000000000000000e+00	39500
819	1.000000000000000e+00	40240
820	1.000000000000000e+00	41660
821	1.000000000000000e+00	43480
822	1.000000000000000e+00	41280
823	1.000000000000000e+00	42480
824	1.000000000000000e+00	41060
825	1.000000000000000e+00	41520
826	1.000000000000000e+00	41020
827	1.000000000000000e+00	43520
828	1.000000000000000e+00	41280
829	1.000000000000000e+00	42140
830	1.000000000000000e+00	42520
831	1.000000000000000e+00	42560
832	1.000000000000000e+00	40980
833	1.000000000000000e+00	41800
834	1.000000000000000e+00	42020
835	1.000000000000000e+00	43020
836	1.000000000000000e+00	41360
837	1.000000000000000e+00	41580
838	1.000000000000000e+00	39840
839	1.000000000000000e+00	42960
840	1.000000000000000e+00	39160
841	1.000000000000000e+00	40040
842	1.000000000000000e+00	38820
843	1.000000000000000e+00	37820
844	1.000000000000000e+00	40980
845	1.000000000000000e+00	41780
846	1.000000000000000e+00	39300
847	1.000000000000000e+00	42220
848	1.000000000000000e+00	39880
849	1.000000000000000e+00	39340
850	1.000000000000000e+00	36580
851	1.000000000000000e+00	39180
852	1.000000000000000e+00	39280
853	1.000000000000000e+00	38780
854	1.000000000000000e+00	39900
855	1.000000000000000e+00	39420
856	1.000000000000000e+00	40560
857	1.000000000000000e+00	41080
858	1.000000000000000e+00	40560
859	1.000000000000000e+00	39800
860	1.000000000000000e+00	40020
861	1.000000000000000e+00	40180
862	1.000000000000000e+00	39520
863	1.000000000000000e+00	39740
864	1.000000000000000e+00	40420
865	1.000000000000000e+00	39420
866	1.000000000000000e+00	39840
867	1.000000000000000e+00	40480
868	1.000000000000000e+00	39680
869	1.000000000000000e+00	39040
870	1.000000000000000e+00	39300
871	1.000000000000000e+00	39900
872	1.000000000000000e+00	40060
873	1.000000000000000e+00	39220
874	1.000000000000000e+00	39660
875	1.000000000000000e+00	39420
876	1.000000000000000e+00	39960
877	1.000000000000000e+00	38900
878	1.000000000000000e+00	39020
879	1.000000000000000e+00	38160
880	1.000000000000000e+00	37440
881	1.000000000000000e+00	39300
882	1.000000000000000e+00	38820
883	1.000000000000000e+00	39520
884	1.000000000000000e+00	40060
885	1.000000000000000e+00	40420
886	1.000000000000000e+00	41520
887	1.000000000000000e+00	39120
888	1.000000000000000e+00	40700
889	1.000000000000000e+00	41260
890	1.000000000000000e+00	40940
891	1.000000000000000e+00	40000
892	1.000000000000000e+00	41960
893	1.000000000000000e+00	39540
894	1.000000000000000e+00	40520
895	1.000000000000000e+00	41020
896	1.000000000000000e+00	40000
897	1.000000000000000e+00	38780
898	1.000000000000000e+00	40360
899	1.000000000000000e+00	41500
900	1.000000000000000e+00	40640
901	1.000000000000000e+00	40380
902	1.000000000000000e+00	39240
903	1.000000000000000e+00	40360
904	1.000000000000000e+00	42420
905	1.000000000000000e+00	40580
906	1.000000000000000e+00	40200
907	1.000000000000000e+00	39540
908	1.000000000000000e+00	40200
909	1.000000000000000e+00	40420
910	1.000000000000000e+00	42360
911	1.000000000000000e+00	41640
912	1.000000000000000e+00	40580
913	1.000000000000000e+00	40120
914	1.000000000000000e+00	42140
915	1.000000000000000e+00	39320
916	1.000000000000000e+00	41140
917	1.000000000000000e+00	41500
918	1.000000000000000e+00	40860
919	1.000000000000000e+00	39360
920	1.000000000000000e+00	40220
921	1.000000000000000e+00	39780
922	1.000000000000000e+00	41060
923	1.000000000000000e+00	40420
924	1.000000000000000e+00	41260
925	1.000000000000000e+00	40540
926	1.000000000000000e+00	41180
927	1.000000000000000e+00	38800
928	1.000000000000000e+00	42120
929	1.000000000000000e+00	41280
930	1.000000000000000e+00	39920
931	1.000000000000000e+00	41000
932	1.000000000000000e+00	40740
933	1.000000000000000e+00	38540
934	1.000000000000000e+00	40320
935	1.000000000000000e+00	40780
936	1.000000000000000e+00	41040
937	1.000000000000000e+00	39700
938	1.000000000000000e+00	39040
939	1.000000000000000e+00	40440
940	1.000000000000000e+00	41320
941	1.000000000000000e+00	40580
942	1.000000000000000e+00	40520
943	1.000000000000000e+00	38020
944	1.000000000000000e+00	39700
945	1.000000000000000e+00	40560
946	1.000000000000000e+00	41640
947	1.000000000000000e+00	40180
948	1.000000000000000e+00	41720
949	1.000000000000000e+00	41540
950	1.000000000000000e+00	42380
951	1.000000000000000e+00	42740
952	1.000000000000000e+00	42080
953	1.000000000000000e+00	42260
954	1.000000000000000e+00	42220
955	1.000000000000000e+00	40760
956	1.000000000000000e+00	41780
957	1.000000000000000e+00	42360
958	1.000000000000000e+00	40200
959	1.000000000000000e+00	41120
960	1.000000000000000e+00	41080
961	1.000000000000000e+00	40500
962	1.000000000000000e+00	41520
963	1.000000000000000e+00	41360
964	1.000000000000000e+00	41300
965	1.000000000000000e+00	39220
966	1.000000000000000e+00	40740
967	1.000000000000000e+00	41320
968	1.000000000000000e+00	39660
969	1.000000000000000e+00	40600
970	1.000000000000000e+00	39380
971	1.000000000000000e+00	40100
972	1.000000000000000e+00	39800
973	1.000000000000000e+00	40620
974	1.000000000000000e+00	41100
975	1.000000000000000e+00	40500
976	1.000000000000000e+00	39800
977	1.000000000000000e+00	39080
978	1.000000000000000e+00	40700
979	1.000000000000000e+00	38260
980	1.000000000000000e+00	40220
981	1.000000000000000e+00	39700
982	1.000000000000000e+00	38740
983	1.000000000000000e+00	41560
984	1.000000000000000e+00	39860
985	1.000000000000000e+00	41040
986	1.000000000000000e+00	38640
987	1.000000000000000e+00	39720
988	1.000000000000000e+00	39840
989	1.000000000000000e+00	39100
990	1.000000000000000e+00	39260
991	1.000000000000000e+00	41000
992	1.000000000000000e+00	40240
993	1.000000000000000e+00	39320
994	1.000000000000000e+00	39480
995	1.000000000000000e+00	39340
996	1.000000000000000e+00	40060
997	1.000000000000000e+00	41040
998	1.000000000000000e+00	40900
999	1.000000000000000e+00	40620
1000	1.000000000000000e+00	41920


Tempo gasto: 23.294035
