Método usado: ANTCOLONY OPTIMIZATION

POSIÇÃO	ÁREA(mm²)	CUSTO

1	1.000000000000000e+00	4620
2	1.000000000000000e+00	4880
3	1.000000000000000e+00	5480
4	1.000000000000000e+00	5300
5	1.000000000000000e+00	4320
6	1.000000000000000e+00	5380
7	1.000000000000000e+00	4740
8	1.000000000000000e+00	4280
9	1.000000000000000e+00	5680
10	1.000000000000000e+00	5020
11	1.000000000000000e+00	4780
12	1.000000000000000e+00	4760
13	1.000000000000000e+00	5180
14	1.000000000000000e+00	4840
15	1.000000000000000e+00	4780
16	1.000000000000000e+00	4220
17	1.000000000000000e+00	4940
18	1.000000000000000e+00	4720
19	1.000000000000000e+00	4920
20	1.000000000000000e+00	5320
21	1.000000000000000e+00	4960
22	1.000000000000000e+00	4860
23	1.000000000000000e+00	5020
24	1.000000000000000e+00	4660
25	1.000000000000000e+00	5060
26	1.000000000000000e+00	5000
27	1.000000000000000e+00	4960
28	1.000000000000000e+00	5000
29	1.000000000000000e+00	5060
30	1.000000000000000e+00	4660
31	1.000000000000000e+00	4760
32	1.000000000000000e+00	5280
33	1.000000000000000e+00	5620
34	1.000000000000000e+00	4360
35	1.000000000000000e+00	4620
36	1.000000000000000e+00	4760
37	1.000000000000000e+00	5100
38	1.000000000000000e+00	4960
39	1.000000000000000e+00	5220
40	1.000000000000000e+00	4560
41	1.000000000000000e+00	5500
42	1.000000000000000e+00	5560
43	1.000000000000000e+00	4880
44	1.000000000000000e+00	4040
45	1.000000000000000e+00	4540
46	1.000000000000000e+00	5160
47	1.000000000000000e+00	4720
48	1.000000000000000e+00	4540
49	1.000000000000000e+00	4980
50	1.000000000000000e+00	4600
51	1.000000000000000e+00	4900
52	1.000000000000000e+00	4980
53	1.000000000000000e+00	4960
54	1.000000000000000e+00	4620
55	1.000000000000000e+00	5020
56	1.000000000000000e+00	4440
57	1.000000000000000e+00	4820
58	1.000000000000000e+00	4660
59	1.000000000000000e+00	4940
60	1.000000000000000e+00	5220
61	1.000000000000000e+00	4860
62	1.000000000000000e+00	4900
63	1.000000000000000e+00	5860
64	1.000000000000000e+00	4460
65	1.000000000000000e+00	4860
66	1.000000000000000e+00	4840
67	1.000000000000000e+00	4820
68	1.000000000000000e+00	5240
69	1.000000000000000e+00	4540
70	1.000000000000000e+00	5080
71	1.000000000000000e+00	5080
72	1.000000000000000e+00	5340
73	1.000000000000000e+00	4880
74	1.000000000000000e+00	4920
75	1.000000000000000e+00	4740
76	1.000000000000000e+00	4740
77	1.000000000000000e+00	4680
78	1.000000000000000e+00	4620
79	1.000000000000000e+00	4840
80	1.000000000000000e+00	4820
81	1.000000000000000e+00	4540
82	1.000000000000000e+00	5100
83	1.000000000000000e+00	5380
84	1.000000000000000e+00	5100
85	1.000000000000000e+00	4860
86	1.000000000000000e+00	5000
87	1.000000000000000e+00	5520
88	1.000000000000000e+00	5220
89	1.000000000000000e+00	5300
90	1.000000000000000e+00	4760
91	1.000000000000000e+00	5460
92	1.000000000000000e+00	5760
93	1.000000000000000e+00	5300
94	1.000000000000000e+00	4820
95	1.000000000000000e+00	5000
96	1.000000000000000e+00	4420
97	1.000000000000000e+00	5040
98	1.000000000000000e+00	4500
99	1.000000000000000e+00	5600
100	1.000000000000000e+00	4820
101	1.000000000000000e+00	5100
102	1.000000000000000e+00	4940
103	1.000000000000000e+00	5200
104	1.000000000000000e+00	4600
105	1.000000000000000e+00	4200
106	1.000000000000000e+00	5280
107	1.000000000000000e+00	4920
108	1.000000000000000e+00	5020
109	1.000000000000000e+00	5180
110	1.000000000000000e+00	4540
111	1.000000000000000e+00	5260
112	1.000000000000000e+00	4420
113	1.000000000000000e+00	4400
114	1.000000000000000e+00	4480
115	1.000000000000000e+00	4960
116	1.000000000000000e+00	4960
117	1.000000000000000e+00	4880
118	1.000000000000000e+00	5440
119	1.000000000000000e+00	4520
120	1.000000000000000e+00	5280
121	1.000000000000000e+00	4400
122	1.000000000000000e+00	4760
123	1.000000000000000e+00	5100
124	1.000000000000000e+00	4820
125	1.000000000000000e+00	5480
126	1.000000000000000e+00	5200
127	1.000000000000000e+00	4780
128	1.000000000000000e+00	5180
129	1.000000000000000e+00	4840
130	1.000000000000000e+00	5200
131	1.000000000000000e+00	4880
132	1.000000000000000e+00	5360
133	1.000000000000000e+00	5160
134	1.000000000000000e+00	4400
135	1.000000000000000e+00	5060
136	1.000000000000000e+00	4460
137	1.000000000000000e+00	5040
138	1.000000000000000e+00	5100
139	1.000000000000000e+00	4460
140	1.000000000000000e+00	4540
141	1.000000000000000e+00	4680
142	1.000000000000000e+00	4800
143	1.000000000000000e+00	5280
144	1.000000000000000e+00	4920
145	1.000000000000000e+00	5300
146	1.000000000000000e+00	4620
147	1.000000000000000e+00	5240
148	1.000000000000000e+00	4520
149	1.000000000000000e+00	5240
150	1.000000000000000e+00	4320
151	1.000000000000000e+00	4920
152	1.000000000000000e+00	4800
153	1.000000000000000e+00	4780
154	1.000000000000000e+00	4740
155	1.000000000000000e+00	4820
156	1.000000000000000e+00	4900
157	1.000000000000000e+00	4800
158	1.000000000000000e+00	5920
159	1.000000000000000e+00	4720
160	1.000000000000000e+00	5100
161	1.000000000000000e+00	5340
162	1.000000000000000e+00	4720
163	1.000000000000000e+00	4820
164	1.000000000000000e+00	4600
165	1.000000000000000e+00	4740
166	1.000000000000000e+00	4760
167	1.000000000000000e+00	4580
168	1.000000000000000e+00	5260
169	1.000000000000000e+00	5400
170	1.000000000000000e+00	4520
171	1.000000000000000e+00	4980
172	1.000000000000000e+00	5640
173	1.000000000000000e+00	5060
174	1.000000000000000e+00	5220
175	1.000000000000000e+00	4880
176	1.000000000000000e+00	4940
177	1.000000000000000e+00	5520
178	1.000000000000000e+00	5360
179	1.000000000000000e+00	5780
180	1.000000000000000e+00	5060
181	1.000000000000000e+00	5000
182	1.000000000000000e+00	4660
183	1.000000000000000e+00	4600
184	1.000000000000000e+00	5620
185	1.000000000000000e+00	5080
186	1.000000000000000e+00	5000
187	1.000000000000000e+00	5520
188	1.000000000000000e+00	5580
189	1.000000000000000e+00	4760
190	1.000000000000000e+00	4760
191	1.000000000000000e+00	4740
192	1.000000000000000e+00	5800
193	1.000000000000000e+00	4720
194	1.000000000000000e+00	5160
195	1.000000000000000e+00	5380
196	1.000000000000000e+00	4760
197	1.000000000000000e+00	4640
198	1.000000000000000e+00	4880
199	1.000000000000000e+00	4840
200	1.000000000000000e+00	4880
201	1.000000000000000e+00	4960
202	1.000000000000000e+00	4960
203	1.000000000000000e+00	5280
204	1.000000000000000e+00	4780
205	1.000000000000000e+00	4680
206	1.000000000000000e+00	4640
207	1.000000000000000e+00	5080
208	1.000000000000000e+00	4980
209	1.000000000000000e+00	4560
210	1.000000000000000e+00	4760
211	1.000000000000000e+00	4880
212	1.000000000000000e+00	5100
213	1.000000000000000e+00	4880
214	1.000000000000000e+00	4780
215	1.000000000000000e+00	4880
216	1.000000000000000e+00	5140
217	1.000000000000000e+00	4740
218	1.000000000000000e+00	5260
219	1.000000000000000e+00	5000
220	1.000000000000000e+00	5160
221	1.000000000000000e+00	5340
222	1.000000000000000e+00	5240
223	1.000000000000000e+00	4840
224	1.000000000000000e+00	4500
225	1.000000000000000e+00	4400
226	1.000000000000000e+00	4920
227	1.000000000000000e+00	4540
228	1.000000000000000e+00	5060
229	1.000000000000000e+00	4920
230	1.000000000000000e+00	5180
231	1.000000000000000e+00	5320
232	1.000000000000000e+00	5280
233	1.000000000000000e+00	4980
234	1.000000000000000e+00	4920
235	1.000000000000000e+00	4960
236	1.000000000000000e+00	5200
237	1.000000000000000e+00	4220
238	1.000000000000000e+00	5320
239	1.000000000000000e+00	4840
240	1.000000000000000e+00	4860
241	1.000000000000000e+00	4820
242	1.000000000000000e+00	4380
243	1.000000000000000e+00	5300
244	1.000000000000000e+00	4620
245	1.000000000000000e+00	5300
246	1.000000000000000e+00	5460
247	1.000000000000000e+00	4740
248	1.000000000000000e+00	5420
249	1.000000000000000e+00	4660
250	1.000000000000000e+00	4640
251	1.000000000000000e+00	5260
252	1.000000000000000e+00	4620
253	1.000000000000000e+00	4740
254	1.000000000000000e+00	4720
255	1.000000000000000e+00	4440
256	1.000000000000000e+00	5340
257	1.000000000000000e+00	4620
258	1.000000000000000e+00	4920
259	1.000000000000000e+00	5520
260	1.000000000000000e+00	4960
261	1.000000000000000e+00	4380
262	1.000000000000000e+00	4920
263	1.000000000000000e+00	4360
264	1.000000000000000e+00	5140
265	1.000000000000000e+00	4960
266	1.000000000000000e+00	4840
267	1.000000000000000e+00	5140
268	1.000000000000000e+00	5060
269	1.000000000000000e+00	4860
270	1.000000000000000e+00	5080
271	1.000000000000000e+00	4700
272	1.000000000000000e+00	4620
273	1.000000000000000e+00	4120
274	1.000000000000000e+00	4920
275	1.000000000000000e+00	4360
276	1.000000000000000e+00	5360
277	1.000000000000000e+00	4860
278	1.000000000000000e+00	4600
279	1.000000000000000e+00	4380
280	1.000000000000000e+00	5100
281	1.000000000000000e+00	4860
282	1.000000000000000e+00	5240
283	1.000000000000000e+00	4520
284	1.000000000000000e+00	4540
285	1.000000000000000e+00	5100
286	1.000000000000000e+00	4860
287	1.000000000000000e+00	4140
288	1.000000000000000e+00	5840
289	1.000000000000000e+00	5820
290	1.000000000000000e+00	4940
291	1.000000000000000e+00	4740
292	1.000000000000000e+00	5240
293	1.000000000000000e+00	4460
294	1.000000000000000e+00	5620
295	1.000000000000000e+00	4740
296	1.000000000000000e+00	4580
297	1.000000000000000e+00	5500
298	1.000000000000000e+00	4360
299	1.000000000000000e+00	4620
300	1.000000000000000e+00	5360
301	1.000000000000000e+00	5080
302	1.000000000000000e+00	5000
303	1.000000000000000e+00	5180
304	1.000000000000000e+00	4720
305	1.000000000000000e+00	4280
306	1.000000000000000e+00	4960
307	1.000000000000000e+00	4780
308	1.000000000000000e+00	5080
309	1.000000000000000e+00	4640
310	1.000000000000000e+00	5180
311	1.000000000000000e+00	4840
312	1.000000000000000e+00	4520
313	1.000000000000000e+00	5200
314	1.000000000000000e+00	5600
315	1.000000000000000e+00	4940
316	1.000000000000000e+00	4540
317	1.000000000000000e+00	4980
318	1.000000000000000e+00	4940
319	1.000000000000000e+00	4620
320	1.000000000000000e+00	5220
321	1.000000000000000e+00	5240
322	1.000000000000000e+00	4720
323	1.000000000000000e+00	4580
324	1.000000000000000e+00	5240
325	1.000000000000000e+00	4260
326	1.000000000000000e+00	5000
327	1.000000000000000e+00	4720
328	1.000000000000000e+00	4540
329	1.000000000000000e+00	5020
330	1.000000000000000e+00	5440
331	1.000000000000000e+00	4720
332	1.000000000000000e+00	5020
333	1.000000000000000e+00	4600
334	1.000000000000000e+00	5020
335	1.000000000000000e+00	4400
336	1.000000000000000e+00	4600
337	1.000000000000000e+00	4500
338	1.000000000000000e+00	4700
339	1.000000000000000e+00	4660
340	1.000000000000000e+00	5800
341	1.000000000000000e+00	5120
342	1.000000000000000e+00	4640
343	1.000000000000000e+00	4940
344	1.000000000000000e+00	4960
345	1.000000000000000e+00	5440
346	1.000000000000000e+00	4860
347	1.000000000000000e+00	5120
348	1.000000000000000e+00	5240
349	1.000000000000000e+00	4880
350	1.000000000000000e+00	4920
351	1.000000000000000e+00	5440
352	1.000000000000000e+00	4940
353	1.000000000000000e+00	5480
354	1.000000000000000e+00	5060
355	1.000000000000000e+00	5160
356	1.000000000000000e+00	4580
357	1.000000000000000e+00	5020
358	1.000000000000000e+00	5160
359	1.000000000000000e+00	5200
360	1.000000000000000e+00	4180
361	1.000000000000000e+00	5020
362	1.000000000000000e+00	5180
363	1.000000000000000e+00	5500
364	1.000000000000000e+00	4660
365	1.000000000000000e+00	4660
366	1.000000000000000e+00	5920
367	1.000000000000000e+00	5280
368	1.000000000000000e+00	4980
369	1.000000000000000e+00	4760
370	1.000000000000000e+00	4800
371	1.000000000000000e+00	4540
372	1.000000000000000e+00	5300
373	1.000000000000000e+00	4860
374	1.000000000000000e+00	5140
375	1.000000000000000e+00	5000
376	1.000000000000000e+00	4600
377	1.000000000000000e+00	5260
378	1.000000000000000e+00	4760
379	1.000000000000000e+00	4940
380	1.000000000000000e+00	5060
381	1.000000000000000e+00	4540
382	1.000000000000000e+00	5040
383	1.000000000000000e+00	5000
384	1.000000000000000e+00	5360
385	1.000000000000000e+00	5240
386	1.000000000000000e+00	4960
387	1.000000000000000e+00	4820
388	1.000000000000000e+00	5300
389	1.000000000000000e+00	5200
390	1.000000000000000e+00	5420
391	1.000000000000000e+00	5440
392	1.000000000000000e+00	4440
393	1.000000000000000e+00	5080
394	1.000000000000000e+00	5100
395	1.000000000000000e+00	4940
396	1.000000000000000e+00	4980
397	1.000000000000000e+00	4220
398	1.000000000000000e+00	4940
399	1.000000000000000e+00	4920
400	1.000000000000000e+00	5580
401	1.000000000000000e+00	5160
402	1.000000000000000e+00	4620
403	1.000000000000000e+00	4340
404	1.000000000000000e+00	4880
405	1.000000000000000e+00	5020
406	1.000000000000000e+00	4580
407	1.000000000000000e+00	4800
408	1.000000000000000e+00	5180
409	1.000000000000000e+00	5060
410	1.000000000000000e+00	4520
411	1.000000000000000e+00	4520
412	1.000000000000000e+00	4800
413	1.000000000000000e+00	5120
414	1.000000000000000e+00	4420
415	1.000000000000000e+00	5300
416	1.000000000000000e+00	4480
417	1.000000000000000e+00	4640
418	1.000000000000000e+00	4980
419	1.000000000000000e+00	4360
420	1.000000000000000e+00	5600
421	1.000000000000000e+00	4680
422	1.000000000000000e+00	5020
423	1.000000000000000e+00	5060
424	1.000000000000000e+00	5160
425	1.000000000000000e+00	5040
426	1.000000000000000e+00	5160
427	1.000000000000000e+00	4360
428	1.000000000000000e+00	4920
429	1.000000000000000e+00	5160
430	1.000000000000000e+00	5680
431	1.000000000000000e+00	5800
432	1.000000000000000e+00	5000
433	1.000000000000000e+00	4480
434	1.000000000000000e+00	5640
435	1.000000000000000e+00	4760
436	1.000000000000000e+00	5120
437	1.000000000000000e+00	5420
438	1.000000000000000e+00	5080
439	1.000000000000000e+00	5000
440	1.000000000000000e+00	5140
441	1.000000000000000e+00	5240
442	1.000000000000000e+00	4740
443	1.000000000000000e+00	4960
444	1.000000000000000e+00	4220
445	1.000000000000000e+00	4740
446	1.000000000000000e+00	4420
447	1.000000000000000e+00	4800
448	1.000000000000000e+00	5220
449	1.000000000000000e+00	5040
450	1.000000000000000e+00	4760
451	1.000000000000000e+00	4660
452	1.000000000000000e+00	5180
453	1.000000000000000e+00	4740
454	1.000000000000000e+00	5740
455	1.000000000000000e+00	5220
456	1.000000000000000e+00	4620
457	1.000000000000000e+00	4720
458	1.000000000000000e+00	4580
459	1.000000000000000e+00	5300
460	1.000000000000000e+00	4520
461	1.000000000000000e+00	5240
462	1.000000000000000e+00	5460
463	1.000000000000000e+00	5080
464	1.000000000000000e+00	4520
465	1.000000000000000e+00	4720
466	1.000000000000000e+00	4860
467	1.000000000000000e+00	5620
468	1.000000000000000e+00	5060
469	1.000000000000000e+00	4500
470	1.000000000000000e+00	4800
471	1.000000000000000e+00	4540
472	1.000000000000000e+00	4900
473	1.000000000000000e+00	4940
474	1.000000000000000e+00	4500
475	1.000000000000000e+00	4880
476	1.000000000000000e+00	4280
477	1.000000000000000e+00	4900
478	1.000000000000000e+00	4740
479	1.000000000000000e+00	4980
480	1.000000000000000e+00	4840
481	1.000000000000000e+00	5020
482	1.000000000000000e+00	4740
483	1.000000000000000e+00	4680
484	1.000000000000000e+00	4460
485	1.000000000000000e+00	4580
486	1.000000000000000e+00	4920
487	1.000000000000000e+00	5380
488	1.000000000000000e+00	4900
489	1.000000000000000e+00	5480
490	1.000000000000000e+00	4920
491	9.500000000000001e-01	10240
492	9.000000000000000e-01	9880
493	8.500000000000001e-01	41100
494	8.000000000000000e-01	41100
495	7.500000000000000e-01	10060
496	7.000000000000001e-01	9620
497	6.500000000000000e-01	9760
498	6.000000000000001e-01	9660
499	5.500000000000000e-01	9120
500	5.000000000000000e-01	9380
501	5.500000000000000e-01	9800
502	6.000000000000001e-01	10020
503	6.500000000000000e-01	9600
504	7.000000000000001e-01	9860
505	7.500000000000000e-01	10160
506	8.000000000000000e-01	9680
507	8.500000000000001e-01	9780
508	9.000000000000000e-01	9040
509	9.500000000000001e-01	9320
510	9.000000000000000e-01	9860
511	8.500000000000001e-01	9520
512	8.000000000000000e-01	9920
513	7.500000000000000e-01	9420
514	8.000000000000000e-01	9680
515	8.500000000000001e-01	9760
516	9.000000000000000e-01	9600
517	9.500000000000001e-01	9300
518	1.000000000000000e+00	9180
519	1.000000000000000e+00	9660
520	1.000000000000000e+00	9260
521	1.000000000000000e+00	9540
522	1.000000000000000e+00	9100
523	1.000000000000000e+00	9380
524	1.000000000000000e+00	9380
525	1.000000000000000e+00	9420
526	1.000000000000000e+00	9520
527	1.000000000000000e+00	10020
528	1.000000000000000e+00	9540
529	1.000000000000000e+00	5440
530	1.000000000000000e+00	9420
531	1.000000000000000e+00	9760
532	1.000000000000000e+00	6060
533	1.000000000000000e+00	5800
534	1.000000000000000e+00	5300
535	1.000000000000000e+00	9180
536	1.000000000000000e+00	6440
537	1.000000000000000e+00	9640
538	1.000000000000000e+00	9640
539	1.000000000000000e+00	10180
540	1.000000000000000e+00	9900
541	1.000000000000000e+00	9560
542	1.000000000000000e+00	6300
543	1.000000000000000e+00	9840
544	1.000000000000000e+00	6680
545	1.000000000000000e+00	6980
546	1.000000000000000e+00	6380
547	1.000000000000000e+00	6480
548	1.000000000000000e+00	5600
549	1.000000000000000e+00	6380
550	1.000000000000000e+00	6100
551	1.000000000000000e+00	5780
552	1.000000000000000e+00	5480
553	1.000000000000000e+00	6220
554	1.000000000000000e+00	5840
555	1.000000000000000e+00	5740
556	1.000000000000000e+00	5600
557	1.000000000000000e+00	6460
558	1.000000000000000e+00	5940
559	1.000000000000000e+00	5560
560	1.000000000000000e+00	6600
561	1.000000000000000e+00	5420
562	1.000000000000000e+00	6200
563	1.000000000000000e+00	4860
564	1.000000000000000e+00	6160
565	1.000000000000000e+00	5940
566	1.000000000000000e+00	5460
567	1.000000000000000e+00	5780
568	1.000000000000000e+00	5760
569	1.000000000000000e+00	6660
570	1.000000000000000e+00	5720
571	1.000000000000000e+00	5720
572	1.000000000000000e+00	6180
573	1.000000000000000e+00	6300
574	1.000000000000000e+00	6580
575	1.000000000000000e+00	5640
576	1.000000000000000e+00	6140
577	1.000000000000000e+00	5740
578	1.000000000000000e+00	6220
579	1.000000000000000e+00	6500
580	1.000000000000000e+00	6460
581	1.000000000000000e+00	6060
582	1.000000000000000e+00	5640
583	1.000000000000000e+00	5720
584	1.000000000000000e+00	5660
585	1.000000000000000e+00	6140
586	1.000000000000000e+00	6600
587	1.000000000000000e+00	6400
588	1.000000000000000e+00	6220
589	1.000000000000000e+00	6020
590	1.000000000000000e+00	6080
591	1.000000000000000e+00	6100
592	1.000000000000000e+00	5440
593	1.000000000000000e+00	6320
594	1.000000000000000e+00	5960
595	1.000000000000000e+00	5900
596	1.000000000000000e+00	6380
597	1.000000000000000e+00	5600
598	1.000000000000000e+00	6040
599	1.000000000000000e+00	5400
600	1.000000000000000e+00	5340
601	1.000000000000000e+00	6120
602	1.000000000000000e+00	5200
603	1.000000000000000e+00	6780
604	1.000000000000000e+00	5960
605	1.000000000000000e+00	5360
606	1.000000000000000e+00	5860
607	1.000000000000000e+00	5820
608	1.000000000000000e+00	6340
609	1.000000000000000e+00	5920
610	1.000000000000000e+00	5120
611	1.000000000000000e+00	5760
612	1.000000000000000e+00	6400
613	1.000000000000000e+00	5900
614	1.000000000000000e+00	5440
615	1.000000000000000e+00	6260
616	1.000000000000000e+00	5280
617	1.000000000000000e+00	5820
618	1.000000000000000e+00	6060
619	1.000000000000000e+00	6460
620	1.000000000000000e+00	5240
621	1.000000000000000e+00	5280
622	1.000000000000000e+00	5780
623	1.000000000000000e+00	5580
624	1.000000000000000e+00	5500
625	1.000000000000000e+00	5400
626	1.000000000000000e+00	6060
627	1.000000000000000e+00	6000
628	1.000000000000000e+00	6200
629	1.000000000000000e+00	5640
630	1.000000000000000e+00	5800
631	1.000000000000000e+00	5600
632	1.000000000000000e+00	5360
633	1.000000000000000e+00	6000
634	1.000000000000000e+00	5340
635	1.000000000000000e+00	6060
636	1.000000000000000e+00	5960
637	1.000000000000000e+00	5840
638	1.000000000000000e+00	5260
639	1.000000000000000e+00	5540
640	1.000000000000000e+00	4980
641	1.000000000000000e+00	5620
642	1.000000000000000e+00	5200
643	1.000000000000000e+00	5340
644	1.000000000000000e+00	5320
645	1.000000000000000e+00	4940
646	1.000000000000000e+00	5200
647	1.000000000000000e+00	4940
648	1.000000000000000e+00	4840
649	1.000000000000000e+00	4600
650	1.000000000000000e+00	5920
651	1.000000000000000e+00	5680
652	1.000000000000000e+00	5200
653	1.000000000000000e+00	5880
654	1.000000000000000e+00	5820
655	1.000000000000000e+00	5240
656	1.000000000000000e+00	5040
657	1.000000000000000e+00	4880
658	1.000000000000000e+00	5280
659	1.000000000000000e+00	5340
660	1.000000000000000e+00	5080
661	1.000000000000000e+00	5500
662	1.000000000000000e+00	5280
663	1.000000000000000e+00	5000
664	1.000000000000000e+00	5700
665	1.000000000000000e+00	5400
666	1.000000000000000e+00	4880
667	1.000000000000000e+00	5640
668	1.000000000000000e+00	5340
669	1.000000000000000e+00	5420
670	1.000000000000000e+00	5360
671	1.000000000000000e+00	5500
672	1.000000000000000e+00	5500
673	1.000000000000000e+00	5100
674	1.000000000000000e+00	6220
675	1.000000000000000e+00	5640
676	1.000000000000000e+00	5980
677	1.000000000000000e+00	6540
678	1.000000000000000e+00	5780
679	1.000000000000000e+00	5980
680	1.000000000000000e+00	5920
681	1.000000000000000e+00	6080
682	1.000000000000000e+00	5780
683	1.000000000000000e+00	6160
684	1.000000000000000e+00	5940
685	1.000000000000000e+00	5840
686	1.000000000000000e+00	5520
687	1.000000000000000e+00	5640
688	1.000000000000000e+00	5840
689	1.000000000000000e+00	5560
690	1.000000000000000e+00	6000
691	1.000000000000000e+00	5480
692	1.000000000000000e+00	4940
693	1.000000000000000e+00	5760
694	1.000000000000000e+00	5720
695	1.000000000000000e+00	5480
696	1.000000000000000e+00	5940
697	1.000000000000000e+00	6320
698	1.000000000000000e+00	6000
699	1.000000000000000e+00	6120
700	1.000000000000000e+00	5880
701	1.000000000000000e+00	4960
702	1.000000000000000e+00	5320
703	1.000000000000000e+00	5480
704	1.000000000000000e+00	5500
705	1.000000000000000e+00	5160
706	1.000000000000000e+00	4900
707	1.000000000000000e+00	5580
708	1.000000000000000e+00	5420
709	1.000000000000000e+00	4600
710	1.000000000000000e+00	5320
711	1.000000000000000e+00	5620
712	1.000000000000000e+00	5100
713	1.000000000000000e+00	5800
714	1.000000000000000e+00	5060
715	1.000000000000000e+00	5920
716	1.000000000000000e+00	5740
717	1.000000000000000e+00	5400
718	1.000000000000000e+00	5780
719	1.000000000000000e+00	5760
720	1.000000000000000e+00	6120
721	1.000000000000000e+00	5260
722	1.000000000000000e+00	5200
723	1.000000000000000e+00	5740
724	1.000000000000000e+00	5460
725	1.000000000000000e+00	6420
726	1.000000000000000e+00	5860
727	1.000000000000000e+00	5860
728	1.000000000000000e+00	4620
729	1.000000000000000e+00	5760
730	1.000000000000000e+00	6140
731	1.000000000000000e+00	5760
732	1.000000000000000e+00	5220
733	1.000000000000000e+00	5560
734	1.000000000000000e+00	6400
735	1.000000000000000e+00	5560
736	1.000000000000000e+00	5400
737	1.000000000000000e+00	5920
738	1.000000000000000e+00	5720
739	1.000000000000000e+00	6500
740	1.000000000000000e+00	5560
741	1.000000000000000e+00	5720
742	1.000000000000000e+00	5680
743	1.000000000000000e+00	5200
744	1.000000000000000e+00	5040
745	1.000000000000000e+00	4980
746	1.000000000000000e+00	4580
747	1.000000000000000e+00	5260
748	1.000000000000000e+00	5660
749	1.000000000000000e+00	4720
750	1.000000000000000e+00	5540
751	1.000000000000000e+00	4980
752	1.000000000000000e+00	4780
753	1.000000000000000e+00	5000
754	1.000000000000000e+00	4740
755	1.000000000000000e+00	4920
756	1.000000000000000e+00	5260
757	1.000000000000000e+00	5680
758	1.000000000000000e+00	5500
759	1.000000000000000e+00	4340
760	1.000000000000000e+00	5200
761	1.000000000000000e+00	4760
762	1.000000000000000e+00	5160
763	1.000000000000000e+00	6280
764	1.000000000000000e+00	5160
765	1.000000000000000e+00	4960
766	1.000000000000000e+00	4160
767	1.000000000000000e+00	6040
768	1.000000000000000e+00	5300
769	1.000000000000000e+00	5260
770	1.000000000000000e+00	4560
771	1.000000000000000e+00	4960
772	1.000000000000000e+00	5540
773	1.000000000000000e+00	4840
774	1.000000000000000e+00	5400
775	1.000000000000000e+00	4980
776	1.000000000000000e+00	5580
777	1.000000000000000e+00	5540
778	1.000000000000000e+00	5220
779	1.000000000000000e+00	5480
780	1.000000000000000e+00	5080
781	1.000000000000000e+00	4860
782	1.000000000000000e+00	5380
783	1.000000000000000e+00	5460
784	1.000000000000000e+00	5700
785	1.000000000000000e+00	5400
786	1.000000000000000e+00	5640
787	1.000000000000000e+00	4660
788	1.000000000000000e+00	6120
789	1.000000000000000e+00	5620
790	1.000000000000000e+00	5860
791	1.000000000000000e+00	5120
792	1.000000000000000e+00	4980
793	1.000000000000000e+00	4720
794	1.000000000000000e+00	5500
795	1.000000000000000e+00	5600
796	1.000000000000000e+00	5720
797	1.000000000000000e+00	5240
798	1.000000000000000e+00	5500
799	1.000000000000000e+00	5380
800	1.000000000000000e+00	5680
801	1.000000000000000e+00	5580
802	1.000000000000000e+00	6000
803	1.000000000000000e+00	5900
804	1.000000000000000e+00	5660
805	1.000000000000000e+00	6020
806	1.000000000000000e+00	6040
807	1.000000000000000e+00	5820
808	1.000000000000000e+00	5840
809	1.000000000000000e+00	5760
810	1.000000000000000e+00	5680
811	1.000000000000000e+00	5860
812	1.000000000000000e+00	6540
813	1.000000000000000e+00	6160
814	1.000000000000000e+00	6080
815	1.000000000000000e+00	6200
816	1.000000000000000e+00	5420
817	1.000000000000000e+00	6360
818	1.000000000000000e+00	5560
819	1.000000000000000e+00	6140
820	1.000000000000000e+00	5800
821	1.000000000000000e+00	6560
822	1.000000000000000e+00	6080
823	1.000000000000000e+00	6360
824	1.000000000000000e+00	5600
825	1.000000000000000e+00	6500
826	1.000000000000000e+00	5640
827	1.000000000000000e+00	6300
828	1.000000000000000e+00	5700
829	1.000000000000000e+00	6260
830	1.000000000000000e+00	5500
831	1.000000000000000e+00	6160
832	1.000000000000000e+00	5400
833	1.000000000000000e+00	6120
834	1.000000000000000e+00	5640
835	1.000000000000000e+00	7080
836	1.000000000000000e+00	4960
837	1.000000000000000e+00	5940
838	1.000000000000000e+00	5340
839	1.000000000000000e+00	6480
840	1.000000000000000e+00	6000
841	1.000000000000000e+00	6080
842	1.000000000000000e+00	5300
843	1.000000000000000e+00	5440
844	1.000000000000000e+00	6660
845	1.000000000000000e+00	5660
846	1.000000000000000e+00	5760
847	1.000000000000000e+00	5400
848	1.000000000000000e+00	5200
849	1.000000000000000e+00	5080
850	1.000000000000000e+00	4780
851	1.000000000000000e+00	5440
852	1.000000000000000e+00	5340
853	1.000000000000000e+00	5260
854	1.000000000000000e+00	5200
855	1.000000000000000e+00	5240
856	1.000000000000000e+00	4820
857	1.000000000000000e+00	6200
858	1.000000000000000e+00	5940
859	1.000000000000000e+00	5960
860	1.000000000000000e+00	5900
861	1.000000000000000e+00	5320
862	1.000000000000000e+00	5720
863	1.000000000000000e+00	5320
864	1.000000000000000e+00	5580
865	1.000000000000000e+00	6140
866	1.000000000000000e+00	5820
867	1.000000000000000e+00	6140
868	1.000000000000000e+00	5220
869	1.000000000000000e+00	4980
870	1.000000000000000e+00	5480
871	1.000000000000000e+00	5360
872	1.000000000000000e+00	5100
873	1.000000000000000e+00	5680
874	1.000000000000000e+00	5620
875	1.000000000000000e+00	4880
876	1.000000000000000e+00	5200
877	1.000000000000000e+00	5480
878	1.000000000000000e+00	5440
879	1.000000000000000e+00	4260
880	1.000000000000000e+00	5080
881	1.000000000000000e+00	5760
882	1.000000000000000e+00	5920
883	1.000000000000000e+00	5480
884	1.000000000000000e+00	5720
885	1.000000000000000e+00	5320
886	1.000000000000000e+00	6120
887	1.000000000000000e+00	5340
888	1.000000000000000e+00	6000
889	1.000000000000000e+00	6240
890	1.000000000000000e+00	5460
891	1.000000000000000e+00	5820
892	1.000000000000000e+00	6060
893	1.000000000000000e+00	5660
894	1.000000000000000e+00	5600
895	1.000000000000000e+00	5800
896	1.000000000000000e+00	5320
897	1.000000000000000e+00	5580
898	1.000000000000000e+00	5640
899	1.000000000000000e+00	5980
900	1.000000000000000e+00	5640
901	1.000000000000000e+00	5480
902	1.000000000000000e+00	5840
903	1.000000000000000e+00	5980
904	1.000000000000000e+00	6140
905	1.000000000000000e+00	6020
906	1.000000000000000e+00	5380
907	1.000000000000000e+00	5760
908	1.000000000000000e+00	6560
909	1.000000000000000e+00	6160
910	1.000000000000000e+00	6620
911	1.000000000000000e+00	6220
912	1.000000000000000e+00	5820
913	1.000000000000000e+00	5940
914	1.000000000000000e+00	5620
915	1.000000000000000e+00	5520
916	1.000000000000000e+00	6200
917	1.000000000000000e+00	6080
918	1.000000000000000e+00	6660
919	1.000000000000000e+00	5780
920	1.000000000000000e+00	5500
921	1.000000000000000e+00	5580
922	1.000000000000000e+00	5820
923	1.000000000000000e+00	5900
924	1.000000000000000e+00	4740
925	1.000000000000000e+00	5860
926	1.000000000000000e+00	5180
927	1.000000000000000e+00	5400
928	1.000000000000000e+00	5900
929	1.000000000000000e+00	5460
930	1.000000000000000e+00	5520
931	1.000000000000000e+00	6040
932	1.000000000000000e+00	5600
933	1.000000000000000e+00	6100
934	1.000000000000000e+00	5560
935	1.000000000000000e+00	5940
936	1.000000000000000e+00	4980
937	1.000000000000000e+00	5080
938	1.000000000000000e+00	4980
939	1.000000000000000e+00	5780
940	1.000000000000000e+00	6560
941	1.000000000000000e+00	5880
942	1.000000000000000e+00	6000
943	1.000000000000000e+00	6520
944	1.000000000000000e+00	6440
945	1.000000000000000e+00	6520
946	1.000000000000000e+00	6680
947	1.000000000000000e+00	6580
948	1.000000000000000e+00	6620
949	1.000000000000000e+00	7300
950	1.000000000000000e+00	6920
951	1.000000000000000e+00	7120
952	1.000000000000000e+00	7100
953	1.000000000000000e+00	6900
954	1.000000000000000e+00	6380
955	1.000000000000000e+00	6300
956	1.000000000000000e+00	6220
957	1.000000000000000e+00	7120
958	1.000000000000000e+00	5640
959	1.000000000000000e+00	6880
960	1.000000000000000e+00	6000
961	1.000000000000000e+00	6340
962	1.000000000000000e+00	6240
963	1.000000000000000e+00	6200
964	1.000000000000000e+00	6380
965	1.000000000000000e+00	5680
966	1.000000000000000e+00	6100
967	1.000000000000000e+00	5600
968	1.000000000000000e+00	5560
969	1.000000000000000e+00	5340
970	1.000000000000000e+00	5340
971	1.000000000000000e+00	6000
972	1.000000000000000e+00	5220
973	1.000000000000000e+00	5240
974	1.000000000000000e+00	5880
975	1.000000000000000e+00	5380
976	1.000000000000000e+00	5920
977	1.000000000000000e+00	5380
978	1.000000000000000e+00	5880
979	1.000000000000000e+00	4660
980	1.000000000000000e+00	5120
981	1.000000000000000e+00	5740
982	1.000000000000000e+00	5020
983	1.000000000000000e+00	5580
984	1.000000000000000e+00	5000
985	1.000000000000000e+00	5560
986	1.000000000000000e+00	4640
987	1.000000000000000e+00	5300
988	1.000000000000000e+00	5000
989	1.000000000000000e+00	5040
990	1.000000000000000e+00	5000
991	1.000000000000000e+00	6140
992	1.000000000000000e+00	6000
993	1.000000000000000e+00	5900
994	1.000000000000000e+00	5160
995	1.000000000000000e+00	5660
996	1.000000000000000e+00	5640
997	1.000000000000000e+00	5100
998	1.000000000000000e+00	5840
999	1.000000000000000e+00	5880
1000	1.000000000000000e+00	5280


Tempo gasto: 22.294195
