Método usado: C-GRASP

POSIÇÃO	ÁREA(mm²)	CUSTO

1	1.000000000000000e+00	13608
2	1.000000000000000e+00	13608
3	1.000000000000000e+00	13608
4	1.000000000000000e+00	13608
5	1.000000000000000e+00	13608
6	1.000000000000000e+00	13608
7	1.000000000000000e+00	13608
8	1.000000000000000e+00	13608
9	1.000000000000000e+00	13608
10	1.000000000000000e+00	13608
11	1.000000000000000e+00	13608
12	1.000000000000000e+00	13608
13	1.000000000000000e+00	13608
14	1.000000000000000e+00	13608
15	1.000000000000000e+00	13608
16	1.000000000000000e+00	13608
17	1.000000000000000e+00	13608
18	1.000000000000000e+00	13608
19	1.000000000000000e+00	13608
20	1.000000000000000e+00	13608
21	1.000000000000000e+00	13608
22	1.000000000000000e+00	13608
23	1.000000000000000e+00	13608
24	1.000000000000000e+00	13608
25	1.000000000000000e+00	13608
26	1.000000000000000e+00	13608
27	1.000000000000000e+00	13608
28	1.000000000000000e+00	13608
29	1.000000000000000e+00	13608
30	1.000000000000000e+00	13608
31	1.000000000000000e+00	13608
32	1.000000000000000e+00	13608
33	1.000000000000000e+00	13608
34	1.000000000000000e+00	13608
35	1.000000000000000e+00	13608
36	1.000000000000000e+00	13608
37	1.000000000000000e+00	13608
38	1.000000000000000e+00	13608
39	1.000000000000000e+00	13608
40	1.000000000000000e+00	13608
41	1.000000000000000e+00	13608
42	1.000000000000000e+00	13608
43	1.000000000000000e+00	13608
44	1.000000000000000e+00	13608
45	1.000000000000000e+00	13608
46	1.000000000000000e+00	13608
47	1.000000000000000e+00	13608
48	1.000000000000000e+00	13608
49	1.000000000000000e+00	13608
50	1.000000000000000e+00	13608
51	1.000000000000000e+00	13608
52	1.000000000000000e+00	13608
53	1.000000000000000e+00	13608
54	1.000000000000000e+00	13608
55	1.000000000000000e+00	13608
56	1.000000000000000e+00	13608
57	1.000000000000000e+00	13608
58	1.000000000000000e+00	13608
59	1.000000000000000e+00	13608
60	1.000000000000000e+00	13608
61	1.000000000000000e+00	13608
62	1.000000000000000e+00	13608
63	1.000000000000000e+00	13608
64	1.000000000000000e+00	13608
65	1.000000000000000e+00	13608
66	1.000000000000000e+00	13608
67	1.000000000000000e+00	13608
68	1.000000000000000e+00	13608
69	1.000000000000000e+00	13608
70	1.000000000000000e+00	13608
71	1.000000000000000e+00	13608
72	1.000000000000000e+00	13608
73	1.000000000000000e+00	13608
74	1.000000000000000e+00	13608
75	1.000000000000000e+00	13608
76	1.000000000000000e+00	13608
77	1.000000000000000e+00	13608
78	1.000000000000000e+00	13608
79	1.000000000000000e+00	13608
80	1.000000000000000e+00	13608
81	1.000000000000000e+00	13608
82	1.000000000000000e+00	13608
83	1.000000000000000e+00	13608
84	1.000000000000000e+00	13608
85	1.000000000000000e+00	13608
86	1.000000000000000e+00	13608
87	1.000000000000000e+00	13608
88	1.000000000000000e+00	13608
89	1.000000000000000e+00	13608
90	1.000000000000000e+00	13608
91	1.000000000000000e+00	13608
92	1.000000000000000e+00	13608
93	1.000000000000000e+00	13608
94	1.000000000000000e+00	13608
95	1.000000000000000e+00	13608
96	1.000000000000000e+00	13608
97	1.000000000000000e+00	13608
98	1.000000000000000e+00	13608
99	1.000000000000000e+00	13608
100	1.000000000000000e+00	13608
101	1.000000000000000e+00	13608
102	1.000000000000000e+00	13608
103	1.000000000000000e+00	13608
104	1.000000000000000e+00	13608
105	1.000000000000000e+00	13608
106	1.000000000000000e+00	13608
107	1.000000000000000e+00	13608
108	1.000000000000000e+00	13608
109	1.000000000000000e+00	13608
110	1.000000000000000e+00	13608
111	1.000000000000000e+00	13608
112	1.000000000000000e+00	13608
113	1.000000000000000e+00	13608
114	1.000000000000000e+00	13608
115	1.000000000000000e+00	13608
116	1.000000000000000e+00	13608
117	1.000000000000000e+00	13608
118	1.000000000000000e+00	13608
119	1.000000000000000e+00	13608
120	1.000000000000000e+00	13608
121	1.000000000000000e+00	13608
122	1.000000000000000e+00	13608
123	1.000000000000000e+00	13608
124	1.000000000000000e+00	13608
125	1.000000000000000e+00	13608
126	1.000000000000000e+00	13608
127	1.000000000000000e+00	13608
128	1.000000000000000e+00	13608
129	1.000000000000000e+00	13608
130	1.000000000000000e+00	13608
131	1.000000000000000e+00	13608
132	1.000000000000000e+00	13608
133	1.000000000000000e+00	13608
134	1.000000000000000e+00	13608
135	1.000000000000000e+00	13608
136	1.000000000000000e+00	13608
137	1.000000000000000e+00	13608
138	1.000000000000000e+00	13608
139	1.000000000000000e+00	13608
140	1.000000000000000e+00	13608
141	1.000000000000000e+00	13608
142	1.000000000000000e+00	13608
143	1.000000000000000e+00	13608
144	1.000000000000000e+00	13608
145	1.000000000000000e+00	13608
146	1.000000000000000e+00	13608
147	1.000000000000000e+00	13608
148	1.000000000000000e+00	13608
149	1.000000000000000e+00	13608
150	1.000000000000000e+00	13608
151	1.000000000000000e+00	13608
152	1.000000000000000e+00	13608
153	1.000000000000000e+00	13608
154	1.000000000000000e+00	13608
155	1.000000000000000e+00	13608
156	1.000000000000000e+00	13608
157	1.000000000000000e+00	13608
158	1.000000000000000e+00	13608
159	1.000000000000000e+00	13608
160	1.000000000000000e+00	13608
161	1.000000000000000e+00	13608
162	1.000000000000000e+00	13608
163	1.000000000000000e+00	13608
164	1.000000000000000e+00	13608
165	1.000000000000000e+00	13608
166	1.000000000000000e+00	13608
167	1.000000000000000e+00	13608
168	1.000000000000000e+00	13608
169	1.000000000000000e+00	13608
170	1.000000000000000e+00	13608
171	1.000000000000000e+00	13608
172	1.000000000000000e+00	13608
173	1.000000000000000e+00	13608
174	1.000000000000000e+00	13608
175	1.000000000000000e+00	13608
176	1.000000000000000e+00	13608
177	1.000000000000000e+00	13608
178	1.000000000000000e+00	13608
179	1.000000000000000e+00	13608
180	1.000000000000000e+00	13608
181	1.000000000000000e+00	13608
182	1.000000000000000e+00	13608
183	1.000000000000000e+00	13608
184	1.000000000000000e+00	13608
185	1.000000000000000e+00	13608
186	1.000000000000000e+00	13608
187	1.000000000000000e+00	13608
188	1.000000000000000e+00	13608
189	1.000000000000000e+00	13608
190	1.000000000000000e+00	13608
191	1.000000000000000e+00	13608
192	1.000000000000000e+00	13608
193	1.000000000000000e+00	13608
194	1.000000000000000e+00	13608
195	1.000000000000000e+00	13608
196	1.000000000000000e+00	13608
197	1.000000000000000e+00	13608
198	1.000000000000000e+00	13608
199	1.000000000000000e+00	13608
200	1.000000000000000e+00	13608
201	1.000000000000000e+00	13608
202	1.000000000000000e+00	13608
203	1.000000000000000e+00	13608
204	1.000000000000000e+00	13608
205	1.000000000000000e+00	13608
206	1.000000000000000e+00	13608
207	1.000000000000000e+00	13608
208	1.000000000000000e+00	13608
209	1.000000000000000e+00	13608
210	1.000000000000000e+00	13608
211	1.000000000000000e+00	13608
212	1.000000000000000e+00	13608
213	1.000000000000000e+00	13608
214	1.000000000000000e+00	13608
215	1.000000000000000e+00	13608
216	1.000000000000000e+00	13608
217	1.000000000000000e+00	13608
218	1.000000000000000e+00	13608
219	1.000000000000000e+00	13608
220	1.000000000000000e+00	13608
221	1.000000000000000e+00	13608
222	1.000000000000000e+00	13608
223	1.000000000000000e+00	13608
224	1.000000000000000e+00	13608
225	1.000000000000000e+00	13608
226	1.000000000000000e+00	13608
227	1.000000000000000e+00	13608
228	1.000000000000000e+00	13608
229	1.000000000000000e+00	13608
230	1.000000000000000e+00	13608
231	1.000000000000000e+00	13608
232	1.000000000000000e+00	13608
233	1.000000000000000e+00	13608
234	1.000000000000000e+00	13608
235	1.000000000000000e+00	13608
236	1.000000000000000e+00	13608
237	1.000000000000000e+00	13608
238	1.000000000000000e+00	13608
239	1.000000000000000e+00	13608
240	1.000000000000000e+00	13608
241	1.000000000000000e+00	13608
242	1.000000000000000e+00	13608
243	1.000000000000000e+00	13608
244	1.000000000000000e+00	13608
245	1.000000000000000e+00	13608
246	1.000000000000000e+00	13608
247	1.000000000000000e+00	13608
248	1.000000000000000e+00	13608
249	1.000000000000000e+00	13608
250	1.000000000000000e+00	13608
251	1.000000000000000e+00	13608
252	1.000000000000000e+00	13608
253	1.000000000000000e+00	13608
254	1.000000000000000e+00	13608
255	1.000000000000000e+00	13608
256	1.000000000000000e+00	13608
257	1.000000000000000e+00	13608
258	1.000000000000000e+00	13608
259	1.000000000000000e+00	13608
260	1.000000000000000e+00	13608
261	1.000000000000000e+00	13608
262	1.000000000000000e+00	13608
263	1.000000000000000e+00	13608
264	1.000000000000000e+00	13608
265	1.000000000000000e+00	13608
266	1.000000000000000e+00	13608
267	1.000000000000000e+00	13608
268	1.000000000000000e+00	13608
269	1.000000000000000e+00	13608
270	1.000000000000000e+00	13608
271	1.000000000000000e+00	13608
272	1.000000000000000e+00	13608
273	1.000000000000000e+00	13608
274	1.000000000000000e+00	13608
275	1.000000000000000e+00	13608
276	1.000000000000000e+00	13608
277	1.000000000000000e+00	13608
278	1.000000000000000e+00	13608
279	1.000000000000000e+00	13608
280	1.000000000000000e+00	13608
281	1.000000000000000e+00	13608
282	1.000000000000000e+00	13608
283	1.000000000000000e+00	13608
284	1.000000000000000e+00	13608
285	1.000000000000000e+00	13608
286	1.000000000000000e+00	13608
287	1.000000000000000e+00	13608
288	1.000000000000000e+00	13608
289	1.000000000000000e+00	13608
290	1.000000000000000e+00	13608
291	1.000000000000000e+00	13608
292	1.000000000000000e+00	13608
293	1.000000000000000e+00	13608
294	1.000000000000000e+00	13608
295	1.000000000000000e+00	13608
296	1.000000000000000e+00	13608
297	1.000000000000000e+00	13608
298	1.000000000000000e+00	13608
299	1.000000000000000e+00	13608
300	1.000000000000000e+00	13608
301	1.000000000000000e+00	13608
302	1.000000000000000e+00	13608
303	1.000000000000000e+00	13608
304	1.000000000000000e+00	13608
305	1.000000000000000e+00	13608
306	1.000000000000000e+00	13608
307	1.000000000000000e+00	13608
308	1.000000000000000e+00	13608
309	1.000000000000000e+00	13608
310	1.000000000000000e+00	13608
311	1.000000000000000e+00	13608
312	1.000000000000000e+00	13608
313	1.000000000000000e+00	13608
314	1.000000000000000e+00	13608
315	1.000000000000000e+00	13608
316	1.000000000000000e+00	13608
317	1.000000000000000e+00	13608
318	1.000000000000000e+00	13608
319	1.000000000000000e+00	13608
320	1.000000000000000e+00	13608
321	1.000000000000000e+00	13608
322	1.000000000000000e+00	13608
323	1.000000000000000e+00	13608
324	1.000000000000000e+00	13608
325	1.000000000000000e+00	13608
326	1.000000000000000e+00	13608
327	1.000000000000000e+00	13608
328	1.000000000000000e+00	13608
329	1.000000000000000e+00	13608
330	1.000000000000000e+00	13608
331	1.000000000000000e+00	13608
332	1.000000000000000e+00	13608
333	1.000000000000000e+00	13608
334	1.000000000000000e+00	13608
335	1.000000000000000e+00	13608
336	1.000000000000000e+00	13608
337	1.000000000000000e+00	13608
338	1.000000000000000e+00	13608
339	1.000000000000000e+00	13608
340	1.000000000000000e+00	13608
341	1.000000000000000e+00	13608
342	1.000000000000000e+00	13608
343	1.000000000000000e+00	13608
344	1.000000000000000e+00	13608
345	1.000000000000000e+00	13608
346	1.000000000000000e+00	13608
347	1.000000000000000e+00	13608
348	1.000000000000000e+00	13608
349	1.000000000000000e+00	13608
350	1.000000000000000e+00	13608
351	1.000000000000000e+00	13608
352	1.000000000000000e+00	13608
353	1.000000000000000e+00	13608
354	1.000000000000000e+00	13608
355	1.000000000000000e+00	13608
356	1.000000000000000e+00	13608
357	1.000000000000000e+00	13608
358	1.000000000000000e+00	13608
359	1.000000000000000e+00	13608
360	1.000000000000000e+00	13608
361	1.000000000000000e+00	13608
362	1.000000000000000e+00	13608
363	1.000000000000000e+00	13608
364	1.000000000000000e+00	13608
365	1.000000000000000e+00	13608
366	1.000000000000000e+00	13608
367	1.000000000000000e+00	13608
368	1.000000000000000e+00	13608
369	1.000000000000000e+00	13608
370	1.000000000000000e+00	13608
371	1.000000000000000e+00	13608
372	1.000000000000000e+00	13608
373	1.000000000000000e+00	13608
374	1.000000000000000e+00	13608
375	1.000000000000000e+00	13608
376	1.000000000000000e+00	13608
377	1.000000000000000e+00	13608
378	1.000000000000000e+00	13608
379	1.000000000000000e+00	13608
380	1.000000000000000e+00	13608
381	1.000000000000000e+00	13608
382	1.000000000000000e+00	13608
383	1.000000000000000e+00	13608
384	1.000000000000000e+00	13608
385	1.000000000000000e+00	13608
386	1.000000000000000e+00	13608
387	1.000000000000000e+00	13608
388	1.000000000000000e+00	13608
389	1.000000000000000e+00	13608
390	1.000000000000000e+00	13608
391	1.000000000000000e+00	13608
392	1.000000000000000e+00	13608
393	1.000000000000000e+00	13608
394	1.000000000000000e+00	13608
395	1.000000000000000e+00	13608
396	1.000000000000000e+00	13608
397	1.000000000000000e+00	13608
398	1.000000000000000e+00	13608
399	1.000000000000000e+00	13608
400	1.000000000000000e+00	13608
401	1.000000000000000e+00	13608
402	1.000000000000000e+00	13608
403	1.000000000000000e+00	13608
404	1.000000000000000e+00	13608
405	1.000000000000000e+00	13608
406	1.000000000000000e+00	13608
407	1.000000000000000e+00	13608
408	1.000000000000000e+00	13608
409	1.000000000000000e+00	13608
410	1.000000000000000e+00	13608
411	1.000000000000000e+00	13608
412	1.000000000000000e+00	13608
413	1.000000000000000e+00	13608
414	1.000000000000000e+00	13608
415	1.000000000000000e+00	13608
416	1.000000000000000e+00	13608
417	1.000000000000000e+00	13608
418	1.000000000000000e+00	13608
419	1.000000000000000e+00	13608
420	1.000000000000000e+00	13608
421	1.000000000000000e+00	13608
422	1.000000000000000e+00	13608
423	1.000000000000000e+00	13608
424	1.000000000000000e+00	13608
425	1.000000000000000e+00	13608
426	1.000000000000000e+00	13608
427	1.000000000000000e+00	13608
428	1.000000000000000e+00	13608
429	1.000000000000000e+00	13608
430	1.000000000000000e+00	13608
431	1.000000000000000e+00	13608
432	1.000000000000000e+00	13608
433	1.000000000000000e+00	13608
434	1.000000000000000e+00	13608
435	1.000000000000000e+00	13608
436	1.000000000000000e+00	13608
437	1.000000000000000e+00	13608
438	1.000000000000000e+00	13608
439	1.000000000000000e+00	13608
440	1.000000000000000e+00	13608
441	1.000000000000000e+00	13608
442	1.000000000000000e+00	13608
443	1.000000000000000e+00	13608
444	1.000000000000000e+00	13608
445	1.000000000000000e+00	13608
446	1.000000000000000e+00	13608
447	1.000000000000000e+00	13608
448	1.000000000000000e+00	13608
449	1.000000000000000e+00	13608
450	1.000000000000000e+00	13608
451	1.000000000000000e+00	13608
452	1.000000000000000e+00	13608
453	1.000000000000000e+00	13608
454	1.000000000000000e+00	13608
455	1.000000000000000e+00	13608
456	1.000000000000000e+00	13608
457	1.000000000000000e+00	13608
458	1.000000000000000e+00	13608
459	1.000000000000000e+00	13608
460	1.000000000000000e+00	13608
461	1.000000000000000e+00	13608
462	1.000000000000000e+00	13608
463	1.000000000000000e+00	13608
464	1.000000000000000e+00	13608
465	1.000000000000000e+00	13608
466	1.000000000000000e+00	13608
467	1.000000000000000e+00	13608
468	1.000000000000000e+00	13608
469	1.000000000000000e+00	13608
470	1.000000000000000e+00	13608
471	1.000000000000000e+00	13608
472	1.000000000000000e+00	13608
473	1.000000000000000e+00	13608
474	1.000000000000000e+00	13608
475	1.000000000000000e+00	13608
476	1.000000000000000e+00	13608
477	1.000000000000000e+00	13608
478	1.000000000000000e+00	13608
479	1.000000000000000e+00	13608
480	1.000000000000000e+00	13608
481	1.000000000000000e+00	13608
482	1.000000000000000e+00	13608
483	1.000000000000000e+00	13608
484	1.000000000000000e+00	13608
485	1.000000000000000e+00	13608
486	1.000000000000000e+00	13608
487	1.000000000000000e+00	13608
488	1.000000000000000e+00	13608
489	1.000000000000000e+00	13608
490	1.000000000000000e+00	13608
491	9.500000000000003e-01	12960
492	9.000000000000002e-01	12312
493	8.490000000000002e-01	16848
494	8.000000000000002e-01	11016
495	7.500000000000001e-01	10368
496	7.000000000000001e-01	9720
497	6.500000000000000e-01	9072
498	6.000000000000000e-01	8424
499	5.499999999999999e-01	7776
500	4.999999999999999e-01	7128
501	5.499999999999999e-01	7776
502	6.000000000000000e-01	8424
503	6.500000000000000e-01	9072
504	7.000000000000001e-01	9720
505	7.500000000000001e-01	10368
506	8.000000000000002e-01	11016
507	8.500000000000002e-01	11664
508	9.000000000000002e-01	12312
509	9.500000000000003e-01	12960
510	9.000000000000002e-01	12312
511	8.500000000000002e-01	11664
512	8.000000000000002e-01	11016
513	7.500000000000001e-01	10368
514	8.000000000000002e-01	11016
515	8.500000000000002e-01	11664
516	9.000000000000002e-01	12312
517	9.500000000000003e-01	12960
518	1.000000000000000e+00	13608
519	1.000000000000000e+00	13608
520	1.000000000000000e+00	13608
521	1.000000000000000e+00	13608
522	1.000000000000000e+00	13608
523	1.000000000000000e+00	13608
524	1.000000000000000e+00	13608
525	1.000000000000000e+00	13608
526	1.000000000000000e+00	13608
527	1.000000000000000e+00	13608
528	1.000000000000000e+00	13608
529	1.000000000000000e+00	13608
530	1.000000000000000e+00	13608
531	1.000000000000000e+00	13608
532	1.000000000000000e+00	13608
533	1.000000000000000e+00	13608
534	1.000000000000000e+00	13608
535	1.000000000000000e+00	13608
536	1.000000000000000e+00	13608
537	1.000000000000000e+00	13608
538	1.000000000000000e+00	13608
539	1.000000000000000e+00	13608
540	1.000000000000000e+00	13608
541	1.000000000000000e+00	13608
542	1.000000000000000e+00	13608
543	1.000000000000000e+00	13608
544	1.000000000000000e+00	13608
545	1.000000000000000e+00	13608
546	1.000000000000000e+00	13608
547	1.000000000000000e+00	13608
548	1.000000000000000e+00	13608
549	1.000000000000000e+00	13608
550	1.000000000000000e+00	13608
551	1.000000000000000e+00	13608
552	1.000000000000000e+00	13608
553	1.000000000000000e+00	13608
554	1.000000000000000e+00	13608
555	1.000000000000000e+00	13608
556	1.000000000000000e+00	13608
557	1.000000000000000e+00	13608
558	1.000000000000000e+00	13608
559	1.000000000000000e+00	13608
560	1.000000000000000e+00	13608
561	1.000000000000000e+00	13608
562	1.000000000000000e+00	13608
563	1.000000000000000e+00	13608
564	1.000000000000000e+00	13608
565	1.000000000000000e+00	13608
566	1.000000000000000e+00	13608
567	1.000000000000000e+00	13608
568	1.000000000000000e+00	13608
569	1.000000000000000e+00	13608
570	1.000000000000000e+00	13608
571	1.000000000000000e+00	13608
572	1.000000000000000e+00	13608
573	1.000000000000000e+00	13608
574	1.000000000000000e+00	13608
575	1.000000000000000e+00	13608
576	1.000000000000000e+00	13608
577	1.000000000000000e+00	13608
578	1.000000000000000e+00	13608
579	1.000000000000000e+00	13608
580	1.000000000000000e+00	13608
581	1.000000000000000e+00	13608
582	1.000000000000000e+00	13608
583	1.000000000000000e+00	13608
584	1.000000000000000e+00	13608
585	1.000000000000000e+00	13608
586	1.000000000000000e+00	13608
587	1.000000000000000e+00	13608
588	1.000000000000000e+00	13608
589	1.000000000000000e+00	13608
590	1.000000000000000e+00	13608
591	1.000000000000000e+00	13608
592	1.000000000000000e+00	13608
593	1.000000000000000e+00	13608
594	1.000000000000000e+00	13608
595	1.000000000000000e+00	13608
596	1.000000000000000e+00	13608
597	1.000000000000000e+00	13608
598	1.000000000000000e+00	13608
599	1.000000000000000e+00	13608
600	1.000000000000000e+00	13608
601	1.000000000000000e+00	13608
602	1.000000000000000e+00	13608
603	1.000000000000000e+00	13608
604	1.000000000000000e+00	13608
605	1.000000000000000e+00	13608
606	1.000000000000000e+00	13608
607	1.000000000000000e+00	13608
608	1.000000000000000e+00	13608
609	1.000000000000000e+00	13608
610	1.000000000000000e+00	13608
611	1.000000000000000e+00	13608
612	1.000000000000000e+00	13608
613	1.000000000000000e+00	13608
614	1.000000000000000e+00	13608
615	1.000000000000000e+00	13608
616	1.000000000000000e+00	13608
617	1.000000000000000e+00	13608
618	1.000000000000000e+00	13608
619	1.000000000000000e+00	13608
620	1.000000000000000e+00	13608
621	1.000000000000000e+00	13608
622	1.000000000000000e+00	13608
623	1.000000000000000e+00	13608
624	1.000000000000000e+00	13608
625	1.000000000000000e+00	13608
626	1.000000000000000e+00	13608
627	1.000000000000000e+00	13608
628	1.000000000000000e+00	13608
629	1.000000000000000e+00	13608
630	1.000000000000000e+00	13608
631	1.000000000000000e+00	13608
632	1.000000000000000e+00	13608
633	1.000000000000000e+00	13608
634	1.000000000000000e+00	13608
635	1.000000000000000e+00	13608
636	1.000000000000000e+00	13608
637	1.000000000000000e+00	13608
638	1.000000000000000e+00	13608
639	1.000000000000000e+00	13608
640	1.000000000000000e+00	13608
641	1.000000000000000e+00	13608
642	1.000000000000000e+00	13608
643	1.000000000000000e+00	13608
644	1.000000000000000e+00	13608
645	1.000000000000000e+00	13608
646	1.000000000000000e+00	13608
647	1.000000000000000e+00	13608
648	1.000000000000000e+00	13608
649	1.000000000000000e+00	13608
650	1.000000000000000e+00	13608
651	1.000000000000000e+00	13608
652	1.000000000000000e+00	13608
653	1.000000000000000e+00	13608
654	1.000000000000000e+00	13608
655	1.000000000000000e+00	13608
656	1.000000000000000e+00	13608
657	1.000000000000000e+00	13608
658	1.000000000000000e+00	13608
659	1.000000000000000e+00	13608
660	1.000000000000000e+00	13608
661	1.000000000000000e+00	13608
662	1.000000000000000e+00	13608
663	1.000000000000000e+00	13608
664	1.000000000000000e+00	13608
665	1.000000000000000e+00	13608
666	1.000000000000000e+00	13608
667	1.000000000000000e+00	13608
668	1.000000000000000e+00	13608
669	1.000000000000000e+00	13608
670	1.000000000000000e+00	13608
671	1.000000000000000e+00	13608
672	1.000000000000000e+00	13608
673	1.000000000000000e+00	13608
674	1.000000000000000e+00	13608
675	1.000000000000000e+00	13608
676	1.000000000000000e+00	13608
677	1.000000000000000e+00	13608
678	1.000000000000000e+00	13608
679	1.000000000000000e+00	13608
680	1.000000000000000e+00	13608
681	1.000000000000000e+00	13608
682	1.000000000000000e+00	13608
683	1.000000000000000e+00	13608
684	1.000000000000000e+00	13608
685	1.000000000000000e+00	13608
686	1.000000000000000e+00	13608
687	1.000000000000000e+00	13608
688	1.000000000000000e+00	13608
689	1.000000000000000e+00	13608
690	1.000000000000000e+00	13608
691	1.000000000000000e+00	13608
692	1.000000000000000e+00	13608
693	1.000000000000000e+00	13608
694	1.000000000000000e+00	13608
695	1.000000000000000e+00	13608
696	1.000000000000000e+00	13608
697	1.000000000000000e+00	13608
698	1.000000000000000e+00	13608
699	1.000000000000000e+00	13608
700	1.000000000000000e+00	13608
701	1.000000000000000e+00	13608
702	1.000000000000000e+00	13608
703	1.000000000000000e+00	13608
704	1.000000000000000e+00	13608
705	1.000000000000000e+00	13608
706	1.000000000000000e+00	13608
707	1.000000000000000e+00	13608
708	1.000000000000000e+00	13608
709	1.000000000000000e+00	13608
710	1.000000000000000e+00	13608
711	1.000000000000000e+00	13608
712	1.000000000000000e+00	13608
713	1.000000000000000e+00	13608
714	1.000000000000000e+00	13608
715	1.000000000000000e+00	13608
716	1.000000000000000e+00	13608
717	1.000000000000000e+00	13608
718	1.000000000000000e+00	13608
719	1.000000000000000e+00	13608
720	1.000000000000000e+00	13608
721	1.000000000000000e+00	13608
722	1.000000000000000e+00	13608
723	1.000000000000000e+00	13608
724	1.000000000000000e+00	13608
725	1.000000000000000e+00	13608
726	1.000000000000000e+00	13608
727	1.000000000000000e+00	13608
728	1.000000000000000e+00	13608
729	1.000000000000000e+00	13608
730	1.000000000000000e+00	13608
731	1.000000000000000e+00	13608
732	1.000000000000000e+00	13608
733	1.000000000000000e+00	13608
734	1.000000000000000e+00	13608
735	1.000000000000000e+00	13608
736	1.000000000000000e+00	13608
737	1.000000000000000e+00	13608
738	1.000000000000000e+00	13608
739	1.000000000000000e+00	13608
740	1.000000000000000e+00	13608
741	1.000000000000000e+00	13608
742	1.000000000000000e+00	13608
743	1.000000000000000e+00	13608
744	1.000000000000000e+00	13608
745	1.000000000000000e+00	13608
746	1.000000000000000e+00	13608
747	1.000000000000000e+00	13608
748	1.000000000000000e+00	13608
749	1.000000000000000e+00	13608
750	1.000000000000000e+00	13608
751	1.000000000000000e+00	13608
752	1.000000000000000e+00	13608
753	1.000000000000000e+00	13608
754	1.000000000000000e+00	13608
755	1.000000000000000e+00	13608
756	1.000000000000000e+00	13608
757	1.000000000000000e+00	13608
758	1.000000000000000e+00	13608
759	1.000000000000000e+00	13608
760	1.000000000000000e+00	13608
761	1.000000000000000e+00	13608
762	1.000000000000000e+00	13608
763	1.000000000000000e+00	13608
764	1.000000000000000e+00	13608
765	1.000000000000000e+00	13608
766	1.000000000000000e+00	13608
767	1.000000000000000e+00	13608
768	1.000000000000000e+00	13608
769	1.000000000000000e+00	13608
770	1.000000000000000e+00	13608
771	1.000000000000000e+00	13608
772	1.000000000000000e+00	13608
773	1.000000000000000e+00	13608
774	1.000000000000000e+00	13608
775	1.000000000000000e+00	13608
776	1.000000000000000e+00	13608
777	1.000000000000000e+00	13608
778	1.000000000000000e+00	13608
779	1.000000000000000e+00	13608
780	1.000000000000000e+00	13608
781	1.000000000000000e+00	13608
782	1.000000000000000e+00	13608
783	1.000000000000000e+00	13608
784	1.000000000000000e+00	13608
785	1.000000000000000e+00	13608
786	1.000000000000000e+00	13608
787	1.000000000000000e+00	13608
788	1.000000000000000e+00	13608
789	1.000000000000000e+00	13608
790	1.000000000000000e+00	13608
791	1.000000000000000e+00	13608
792	1.000000000000000e+00	13608
793	1.000000000000000e+00	13608
794	1.000000000000000e+00	13608
795	1.000000000000000e+00	13608
796	1.000000000000000e+00	13608
797	1.000000000000000e+00	13608
798	1.000000000000000e+00	13608
799	1.000000000000000e+00	13608
800	1.000000000000000e+00	13608
801	1.000000000000000e+00	13608
802	1.000000000000000e+00	13608
803	1.000000000000000e+00	13608
804	1.000000000000000e+00	13608
805	1.000000000000000e+00	13608
806	1.000000000000000e+00	13608
807	1.000000000000000e+00	13608
808	1.000000000000000e+00	13608
809	1.000000000000000e+00	13608
810	1.000000000000000e+00	13608
811	1.000000000000000e+00	13608
812	1.000000000000000e+00	13608
813	1.000000000000000e+00	13608
814	1.000000000000000e+00	13608
815	1.000000000000000e+00	13608
816	1.000000000000000e+00	13608
817	1.000000000000000e+00	13608
818	1.000000000000000e+00	13608
819	1.000000000000000e+00	13608
820	1.000000000000000e+00	13608
821	1.000000000000000e+00	13608
822	1.000000000000000e+00	13608
823	1.000000000000000e+00	13608
824	1.000000000000000e+00	13608
825	1.000000000000000e+00	13608
826	1.000000000000000e+00	13608
827	1.000000000000000e+00	13608
828	1.000000000000000e+00	13608
829	1.000000000000000e+00	13608
830	1.000000000000000e+00	13608
831	1.000000000000000e+00	13608
832	1.000000000000000e+00	13608
833	1.000000000000000e+00	13608
834	1.000000000000000e+00	13608
835	1.000000000000000e+00	13608
836	1.000000000000000e+00	13608
837	1.000000000000000e+00	13608
838	1.000000000000000e+00	13608
839	1.000000000000000e+00	13608
840	1.000000000000000e+00	13608
841	1.000000000000000e+00	13608
842	1.000000000000000e+00	13608
843	1.000000000000000e+00	13608
844	1.000000000000000e+00	13608
845	1.000000000000000e+00	13608
846	1.000000000000000e+00	13608
847	1.000000000000000e+00	13608
848	1.000000000000000e+00	13608
849	1.000000000000000e+00	13608
850	1.000000000000000e+00	13608
851	1.000000000000000e+00	13608
852	1.000000000000000e+00	13608
853	1.000000000000000e+00	13608
854	1.000000000000000e+00	13608
855	1.000000000000000e+00	13608
856	1.000000000000000e+00	13608
857	1.000000000000000e+00	13608
858	1.000000000000000e+00	13608
859	1.000000000000000e+00	13608
860	1.000000000000000e+00	13608
861	1.000000000000000e+00	13608
862	1.000000000000000e+00	13608
863	1.000000000000000e+00	13608
864	1.000000000000000e+00	13608
865	1.000000000000000e+00	13608
866	1.000000000000000e+00	13608
867	1.000000000000000e+00	13608
868	1.000000000000000e+00	13608
869	1.000000000000000e+00	13608
870	1.000000000000000e+00	13608
871	1.000000000000000e+00	13608
872	1.000000000000000e+00	13608
873	1.000000000000000e+00	13608
874	1.000000000000000e+00	13608
875	1.000000000000000e+00	13608
876	1.000000000000000e+00	13608
877	1.000000000000000e+00	13608
878	1.000000000000000e+00	13608
879	1.000000000000000e+00	13608
880	1.000000000000000e+00	13608
881	1.000000000000000e+00	13608
882	1.000000000000000e+00	13608
883	1.000000000000000e+00	13608
884	1.000000000000000e+00	13608
885	1.000000000000000e+00	13608
886	1.000000000000000e+00	13608
887	1.000000000000000e+00	13608
888	1.000000000000000e+00	13608
889	1.000000000000000e+00	13608
890	1.000000000000000e+00	13608
891	1.000000000000000e+00	13608
892	1.000000000000000e+00	13608
893	1.000000000000000e+00	13608
894	1.000000000000000e+00	13608
895	1.000000000000000e+00	13608
896	1.000000000000000e+00	13608
897	1.000000000000000e+00	13608
898	1.000000000000000e+00	13608
899	1.000000000000000e+00	13608
900	1.000000000000000e+00	13608
901	1.000000000000000e+00	13608
902	1.000000000000000e+00	13608
903	1.000000000000000e+00	13608
904	1.000000000000000e+00	13608
905	1.000000000000000e+00	13608
906	1.000000000000000e+00	13608
907	1.000000000000000e+00	13608
908	1.000000000000000e+00	13608
909	1.000000000000000e+00	13608
910	1.000000000000000e+00	13608
911	1.000000000000000e+00	13608
912	1.000000000000000e+00	13608
913	1.000000000000000e+00	13608
914	1.000000000000000e+00	13608
915	1.000000000000000e+00	13608
916	1.000000000000000e+00	13608
917	1.000000000000000e+00	13608
918	1.000000000000000e+00	13608
919	1.000000000000000e+00	13608
920	1.000000000000000e+00	13608
921	1.000000000000000e+00	13608
922	1.000000000000000e+00	13608
923	1.000000000000000e+00	13608
924	1.000000000000000e+00	13608
925	1.000000000000000e+00	13608
926	1.000000000000000e+00	13608
927	1.000000000000000e+00	13608
928	1.000000000000000e+00	13608
929	1.000000000000000e+00	13608
930	1.000000000000000e+00	13608
931	1.000000000000000e+00	13608
932	1.000000000000000e+00	13608
933	1.000000000000000e+00	13608
934	1.000000000000000e+00	13608
935	1.000000000000000e+00	13608
936	1.000000000000000e+00	13608
937	1.000000000000000e+00	13608
938	1.000000000000000e+00	13608
939	1.000000000000000e+00	13608
940	1.000000000000000e+00	13608
941	1.000000000000000e+00	13608
942	1.000000000000000e+00	13608
943	1.000000000000000e+00	13608
944	1.000000000000000e+00	13608
945	1.000000000000000e+00	13608
946	1.000000000000000e+00	13608
947	1.000000000000000e+00	13608
948	1.000000000000000e+00	13608
949	1.000000000000000e+00	13608
950	1.000000000000000e+00	13608
951	1.000000000000000e+00	13608
952	1.000000000000000e+00	13608
953	1.000000000000000e+00	13608
954	1.000000000000000e+00	13608
955	1.000000000000000e+00	13608
956	1.000000000000000e+00	13608
957	1.000000000000000e+00	13608
958	1.000000000000000e+00	13608
959	1.000000000000000e+00	13608
960	1.000000000000000e+00	13608
961	1.000000000000000e+00	13608
962	1.000000000000000e+00	13608
963	1.000000000000000e+00	13608
964	1.000000000000000e+00	13608
965	1.000000000000000e+00	13608
966	1.000000000000000e+00	13608
967	1.000000000000000e+00	13608
968	1.000000000000000e+00	13608
969	1.000000000000000e+00	13608
970	1.000000000000000e+00	13608
971	1.000000000000000e+00	13608
972	1.000000000000000e+00	13608
973	1.000000000000000e+00	13608
974	1.000000000000000e+00	13608
975	1.000000000000000e+00	13608
976	1.000000000000000e+00	13608
977	1.000000000000000e+00	13608
978	1.000000000000000e+00	13608
979	1.000000000000000e+00	13608
980	1.000000000000000e+00	13608
981	1.000000000000000e+00	13608
982	1.000000000000000e+00	13608
983	1.000000000000000e+00	13608
984	1.000000000000000e+00	13608
985	1.000000000000000e+00	13608
986	1.000000000000000e+00	13608
987	1.000000000000000e+00	13608
988	1.000000000000000e+00	13608
989	1.000000000000000e+00	13608
990	1.000000000000000e+00	13608
991	1.000000000000000e+00	13608
992	1.000000000000000e+00	13608
993	1.000000000000000e+00	13608
994	1.000000000000000e+00	13608
995	1.000000000000000e+00	13608
996	1.000000000000000e+00	13608
997	1.000000000000000e+00	13608
998	1.000000000000000e+00	13608
999	1.000000000000000e+00	13608
1000	1.000000000000000e+00	13608


Tempo gasto: 11.443777
