Método usado: C-GRASP

POSIÇÃO	ÁREA(mm²)	CUSTO

1	1.000000000000000e+00	9555
2	1.000000000000000e+00	9555
3	1.000000000000000e+00	9555
4	1.000000000000000e+00	9555
5	1.000000000000000e+00	9555
6	1.000000000000000e+00	9555
7	1.000000000000000e+00	9555
8	1.000000000000000e+00	9555
9	1.000000000000000e+00	9555
10	1.000000000000000e+00	9555
11	1.000000000000000e+00	9555
12	1.000000000000000e+00	9555
13	1.000000000000000e+00	9555
14	1.000000000000000e+00	9555
15	1.000000000000000e+00	9555
16	1.000000000000000e+00	9555
17	1.000000000000000e+00	9555
18	1.000000000000000e+00	9555
19	1.000000000000000e+00	9555
20	1.000000000000000e+00	9555
21	1.000000000000000e+00	9555
22	1.000000000000000e+00	9555
23	1.000000000000000e+00	9555
24	1.000000000000000e+00	9555
25	1.000000000000000e+00	9555
26	1.000000000000000e+00	9555
27	1.000000000000000e+00	9555
28	1.000000000000000e+00	9555
29	1.000000000000000e+00	9555
30	1.000000000000000e+00	9555
31	1.000000000000000e+00	9555
32	1.000000000000000e+00	9555
33	1.000000000000000e+00	9555
34	1.000000000000000e+00	9555
35	1.000000000000000e+00	9555
36	1.000000000000000e+00	9555
37	1.000000000000000e+00	9555
38	1.000000000000000e+00	9555
39	1.000000000000000e+00	9555
40	1.000000000000000e+00	9555
41	1.000000000000000e+00	9555
42	1.000000000000000e+00	9555
43	1.000000000000000e+00	9555
44	1.000000000000000e+00	9555
45	1.000000000000000e+00	9555
46	1.000000000000000e+00	9555
47	1.000000000000000e+00	9555
48	1.000000000000000e+00	9555
49	1.000000000000000e+00	9555
50	1.000000000000000e+00	9555
51	1.000000000000000e+00	9555
52	1.000000000000000e+00	9555
53	1.000000000000000e+00	9555
54	1.000000000000000e+00	9555
55	1.000000000000000e+00	9555
56	1.000000000000000e+00	9555
57	1.000000000000000e+00	9555
58	1.000000000000000e+00	9555
59	1.000000000000000e+00	9555
60	1.000000000000000e+00	9555
61	1.000000000000000e+00	9555
62	1.000000000000000e+00	9555
63	1.000000000000000e+00	9555
64	1.000000000000000e+00	9555
65	1.000000000000000e+00	9555
66	1.000000000000000e+00	9555
67	1.000000000000000e+00	9555
68	1.000000000000000e+00	9555
69	1.000000000000000e+00	9555
70	1.000000000000000e+00	9555
71	1.000000000000000e+00	9555
72	1.000000000000000e+00	9555
73	1.000000000000000e+00	9555
74	1.000000000000000e+00	9555
75	1.000000000000000e+00	9555
76	1.000000000000000e+00	9555
77	1.000000000000000e+00	9555
78	1.000000000000000e+00	9555
79	1.000000000000000e+00	9555
80	1.000000000000000e+00	9555
81	1.000000000000000e+00	9555
82	1.000000000000000e+00	9555
83	1.000000000000000e+00	9555
84	1.000000000000000e+00	9555
85	1.000000000000000e+00	9555
86	1.000000000000000e+00	9555
87	1.000000000000000e+00	9555
88	1.000000000000000e+00	9555
89	1.000000000000000e+00	9555
90	1.000000000000000e+00	9555
91	1.000000000000000e+00	9555
92	1.000000000000000e+00	9555
93	1.000000000000000e+00	9555
94	1.000000000000000e+00	9555
95	1.000000000000000e+00	9555
96	1.000000000000000e+00	9555
97	1.000000000000000e+00	9555
98	1.000000000000000e+00	9555
99	1.000000000000000e+00	9555
100	1.000000000000000e+00	9555
101	1.000000000000000e+00	9555
102	1.000000000000000e+00	9555
103	1.000000000000000e+00	9555
104	1.000000000000000e+00	9555
105	1.000000000000000e+00	9555
106	1.000000000000000e+00	9555
107	1.000000000000000e+00	9555
108	1.000000000000000e+00	9555
109	1.000000000000000e+00	9555
110	1.000000000000000e+00	9555
111	1.000000000000000e+00	9555
112	1.000000000000000e+00	9555
113	1.000000000000000e+00	9555
114	1.000000000000000e+00	9555
115	1.000000000000000e+00	9555
116	1.000000000000000e+00	9555
117	1.000000000000000e+00	9555
118	1.000000000000000e+00	9555
119	1.000000000000000e+00	9555
120	1.000000000000000e+00	9555
121	1.000000000000000e+00	9555
122	1.000000000000000e+00	9555
123	1.000000000000000e+00	9555
124	1.000000000000000e+00	9555
125	1.000000000000000e+00	9555
126	1.000000000000000e+00	9555
127	1.000000000000000e+00	9555
128	1.000000000000000e+00	9555
129	1.000000000000000e+00	9555
130	1.000000000000000e+00	9555
131	1.000000000000000e+00	9555
132	1.000000000000000e+00	9555
133	1.000000000000000e+00	9555
134	1.000000000000000e+00	9555
135	1.000000000000000e+00	9555
136	1.000000000000000e+00	9555
137	1.000000000000000e+00	9555
138	1.000000000000000e+00	9555
139	1.000000000000000e+00	9555
140	1.000000000000000e+00	9555
141	1.000000000000000e+00	9555
142	1.000000000000000e+00	9555
143	1.000000000000000e+00	9555
144	1.000000000000000e+00	9555
145	1.000000000000000e+00	9555
146	1.000000000000000e+00	9555
147	1.000000000000000e+00	9555
148	1.000000000000000e+00	9555
149	1.000000000000000e+00	9555
150	1.000000000000000e+00	9555
151	1.000000000000000e+00	9555
152	1.000000000000000e+00	9555
153	1.000000000000000e+00	9555
154	1.000000000000000e+00	9555
155	1.000000000000000e+00	9555
156	1.000000000000000e+00	9555
157	1.000000000000000e+00	9555
158	1.000000000000000e+00	9555
159	1.000000000000000e+00	9555
160	1.000000000000000e+00	9555
161	1.000000000000000e+00	9555
162	1.000000000000000e+00	9555
163	1.000000000000000e+00	9555
164	1.000000000000000e+00	9555
165	1.000000000000000e+00	9555
166	1.000000000000000e+00	9555
167	1.000000000000000e+00	9555
168	1.000000000000000e+00	9555
169	1.000000000000000e+00	9555
170	1.000000000000000e+00	9555
171	1.000000000000000e+00	9555
172	1.000000000000000e+00	9555
173	1.000000000000000e+00	9555
174	1.000000000000000e+00	9555
175	1.000000000000000e+00	9555
176	1.000000000000000e+00	9555
177	1.000000000000000e+00	9555
178	1.000000000000000e+00	9555
179	1.000000000000000e+00	9555
180	1.000000000000000e+00	9555
181	1.000000000000000e+00	9555
182	1.000000000000000e+00	9555
183	1.000000000000000e+00	9555
184	1.000000000000000e+00	9555
185	1.000000000000000e+00	9555
186	1.000000000000000e+00	9555
187	1.000000000000000e+00	9555
188	1.000000000000000e+00	9555
189	1.000000000000000e+00	9555
190	1.000000000000000e+00	9555
191	1.000000000000000e+00	9555
192	1.000000000000000e+00	9555
193	1.000000000000000e+00	9555
194	1.000000000000000e+00	9555
195	1.000000000000000e+00	9555
196	1.000000000000000e+00	9555
197	1.000000000000000e+00	9555
198	1.000000000000000e+00	9555
199	1.000000000000000e+00	9555
200	1.000000000000000e+00	9555
201	1.000000000000000e+00	9555
202	1.000000000000000e+00	9555
203	1.000000000000000e+00	9555
204	1.000000000000000e+00	9555
205	1.000000000000000e+00	9555
206	1.000000000000000e+00	9555
207	1.000000000000000e+00	9555
208	1.000000000000000e+00	9555
209	1.000000000000000e+00	9555
210	1.000000000000000e+00	9555
211	1.000000000000000e+00	9555
212	1.000000000000000e+00	9555
213	1.000000000000000e+00	9555
214	1.000000000000000e+00	9555
215	1.000000000000000e+00	9555
216	1.000000000000000e+00	9555
217	1.000000000000000e+00	9555
218	1.000000000000000e+00	9555
219	1.000000000000000e+00	9555
220	1.000000000000000e+00	9555
221	1.000000000000000e+00	9555
222	1.000000000000000e+00	9555
223	1.000000000000000e+00	9555
224	1.000000000000000e+00	9555
225	1.000000000000000e+00	9555
226	1.000000000000000e+00	9555
227	1.000000000000000e+00	9555
228	1.000000000000000e+00	9555
229	1.000000000000000e+00	9555
230	1.000000000000000e+00	9555
231	1.000000000000000e+00	9555
232	1.000000000000000e+00	9555
233	1.000000000000000e+00	9555
234	1.000000000000000e+00	9555
235	1.000000000000000e+00	9555
236	1.000000000000000e+00	9555
237	1.000000000000000e+00	9555
238	1.000000000000000e+00	9555
239	1.000000000000000e+00	9555
240	1.000000000000000e+00	9555
241	1.000000000000000e+00	9555
242	1.000000000000000e+00	9555
243	1.000000000000000e+00	9555
244	1.000000000000000e+00	9555
245	1.000000000000000e+00	9555
246	1.000000000000000e+00	9555
247	1.000000000000000e+00	9555
248	1.000000000000000e+00	9555
249	1.000000000000000e+00	9555
250	1.000000000000000e+00	9555
251	1.000000000000000e+00	9555
252	1.000000000000000e+00	9555
253	1.000000000000000e+00	9555
254	1.000000000000000e+00	9555
255	1.000000000000000e+00	9555
256	1.000000000000000e+00	9555
257	1.000000000000000e+00	9555
258	1.000000000000000e+00	9555
259	1.000000000000000e+00	9555
260	1.000000000000000e+00	9555
261	1.000000000000000e+00	9555
262	1.000000000000000e+00	9555
263	1.000000000000000e+00	9555
264	1.000000000000000e+00	9555
265	1.000000000000000e+00	9555
266	1.000000000000000e+00	9555
267	1.000000000000000e+00	9555
268	1.000000000000000e+00	9555
269	1.000000000000000e+00	9555
270	1.000000000000000e+00	9555
271	1.000000000000000e+00	9555
272	1.000000000000000e+00	9555
273	1.000000000000000e+00	9555
274	1.000000000000000e+00	9555
275	1.000000000000000e+00	9555
276	1.000000000000000e+00	9555
277	1.000000000000000e+00	9555
278	1.000000000000000e+00	9555
279	1.000000000000000e+00	9555
280	1.000000000000000e+00	9555
281	1.000000000000000e+00	9555
282	1.000000000000000e+00	9555
283	1.000000000000000e+00	9555
284	1.000000000000000e+00	9555
285	1.000000000000000e+00	9555
286	1.000000000000000e+00	9555
287	1.000000000000000e+00	9555
288	1.000000000000000e+00	9555
289	1.000000000000000e+00	9555
290	1.000000000000000e+00	9555
291	1.000000000000000e+00	9555
292	1.000000000000000e+00	9555
293	1.000000000000000e+00	9555
294	1.000000000000000e+00	9555
295	1.000000000000000e+00	9555
296	1.000000000000000e+00	9555
297	1.000000000000000e+00	9555
298	1.000000000000000e+00	9555
299	1.000000000000000e+00	9555
300	1.000000000000000e+00	9555
301	1.000000000000000e+00	9555
302	1.000000000000000e+00	9555
303	1.000000000000000e+00	9555
304	1.000000000000000e+00	9555
305	1.000000000000000e+00	9555
306	1.000000000000000e+00	9555
307	1.000000000000000e+00	9555
308	1.000000000000000e+00	9555
309	1.000000000000000e+00	9555
310	1.000000000000000e+00	9555
311	1.000000000000000e+00	9555
312	1.000000000000000e+00	9555
313	1.000000000000000e+00	9555
314	1.000000000000000e+00	9555
315	1.000000000000000e+00	9555
316	1.000000000000000e+00	9555
317	1.000000000000000e+00	9555
318	1.000000000000000e+00	9555
319	1.000000000000000e+00	9555
320	1.000000000000000e+00	9555
321	1.000000000000000e+00	9555
322	1.000000000000000e+00	9555
323	1.000000000000000e+00	9555
324	1.000000000000000e+00	9555
325	1.000000000000000e+00	9555
326	1.000000000000000e+00	9555
327	1.000000000000000e+00	9555
328	1.000000000000000e+00	9555
329	1.000000000000000e+00	9555
330	1.000000000000000e+00	9555
331	1.000000000000000e+00	9555
332	1.000000000000000e+00	9555
333	1.000000000000000e+00	9555
334	1.000000000000000e+00	9555
335	1.000000000000000e+00	9555
336	1.000000000000000e+00	9555
337	1.000000000000000e+00	9555
338	1.000000000000000e+00	9555
339	1.000000000000000e+00	9555
340	1.000000000000000e+00	9555
341	1.000000000000000e+00	9555
342	1.000000000000000e+00	9555
343	1.000000000000000e+00	9555
344	1.000000000000000e+00	9555
345	1.000000000000000e+00	9555
346	1.000000000000000e+00	9555
347	1.000000000000000e+00	9555
348	1.000000000000000e+00	9555
349	1.000000000000000e+00	9555
350	1.000000000000000e+00	9555
351	1.000000000000000e+00	9555
352	1.000000000000000e+00	9555
353	1.000000000000000e+00	9555
354	1.000000000000000e+00	9555
355	1.000000000000000e+00	9555
356	1.000000000000000e+00	9555
357	1.000000000000000e+00	9555
358	1.000000000000000e+00	9555
359	1.000000000000000e+00	9555
360	1.000000000000000e+00	9555
361	1.000000000000000e+00	9555
362	1.000000000000000e+00	9555
363	1.000000000000000e+00	9555
364	1.000000000000000e+00	9555
365	1.000000000000000e+00	9555
366	1.000000000000000e+00	9555
367	1.000000000000000e+00	9555
368	1.000000000000000e+00	9555
369	1.000000000000000e+00	9555
370	1.000000000000000e+00	9555
371	1.000000000000000e+00	9555
372	1.000000000000000e+00	9555
373	1.000000000000000e+00	9555
374	1.000000000000000e+00	9555
375	1.000000000000000e+00	9555
376	1.000000000000000e+00	9555
377	1.000000000000000e+00	9555
378	1.000000000000000e+00	9555
379	1.000000000000000e+00	9555
380	1.000000000000000e+00	9555
381	1.000000000000000e+00	9555
382	1.000000000000000e+00	9555
383	1.000000000000000e+00	9555
384	1.000000000000000e+00	9555
385	1.000000000000000e+00	9555
386	1.000000000000000e+00	9555
387	1.000000000000000e+00	9555
388	1.000000000000000e+00	9555
389	1.000000000000000e+00	9555
390	1.000000000000000e+00	9555
391	1.000000000000000e+00	9555
392	1.000000000000000e+00	9555
393	1.000000000000000e+00	9555
394	1.000000000000000e+00	9555
395	1.000000000000000e+00	9555
396	1.000000000000000e+00	9555
397	1.000000000000000e+00	9555
398	1.000000000000000e+00	9555
399	1.000000000000000e+00	9555
400	1.000000000000000e+00	9555
401	1.000000000000000e+00	9555
402	1.000000000000000e+00	9555
403	1.000000000000000e+00	9555
404	1.000000000000000e+00	9555
405	1.000000000000000e+00	9555
406	1.000000000000000e+00	9555
407	1.000000000000000e+00	9555
408	1.000000000000000e+00	9555
409	1.000000000000000e+00	9555
410	1.000000000000000e+00	9555
411	1.000000000000000e+00	9555
412	1.000000000000000e+00	9555
413	1.000000000000000e+00	9555
414	1.000000000000000e+00	9555
415	1.000000000000000e+00	9555
416	1.000000000000000e+00	9555
417	1.000000000000000e+00	9555
418	1.000000000000000e+00	9555
419	1.000000000000000e+00	9555
420	1.000000000000000e+00	9555
421	1.000000000000000e+00	9555
422	1.000000000000000e+00	9555
423	1.000000000000000e+00	9555
424	1.000000000000000e+00	9555
425	1.000000000000000e+00	9555
426	1.000000000000000e+00	9555
427	1.000000000000000e+00	9555
428	1.000000000000000e+00	9555
429	1.000000000000000e+00	9555
430	1.000000000000000e+00	9555
431	1.000000000000000e+00	9555
432	1.000000000000000e+00	9555
433	1.000000000000000e+00	9555
434	1.000000000000000e+00	9555
435	1.000000000000000e+00	9555
436	1.000000000000000e+00	9555
437	1.000000000000000e+00	9555
438	1.000000000000000e+00	9555
439	1.000000000000000e+00	9555
440	1.000000000000000e+00	9555
441	1.000000000000000e+00	9555
442	1.000000000000000e+00	9555
443	1.000000000000000e+00	9555
444	1.000000000000000e+00	9555
445	1.000000000000000e+00	9555
446	1.000000000000000e+00	9555
447	1.000000000000000e+00	9555
448	1.000000000000000e+00	9555
449	1.000000000000000e+00	9555
450	1.000000000000000e+00	9555
451	1.000000000000000e+00	9555
452	1.000000000000000e+00	9555
453	1.000000000000000e+00	9555
454	1.000000000000000e+00	9555
455	1.000000000000000e+00	9555
456	1.000000000000000e+00	9555
457	1.000000000000000e+00	9555
458	1.000000000000000e+00	9555
459	1.000000000000000e+00	9555
460	1.000000000000000e+00	9555
461	1.000000000000000e+00	9555
462	1.000000000000000e+00	9555
463	1.000000000000000e+00	9555
464	1.000000000000000e+00	9555
465	1.000000000000000e+00	9555
466	1.000000000000000e+00	9555
467	1.000000000000000e+00	9555
468	1.000000000000000e+00	9555
469	1.000000000000000e+00	9555
470	1.000000000000000e+00	9555
471	1.000000000000000e+00	9555
472	1.000000000000000e+00	9555
473	1.000000000000000e+00	9555
474	1.000000000000000e+00	9555
475	1.000000000000000e+00	9555
476	1.000000000000000e+00	9555
477	1.000000000000000e+00	9555
478	1.000000000000000e+00	9555
479	1.000000000000000e+00	9555
480	1.000000000000000e+00	9555
481	1.000000000000000e+00	9555
482	1.000000000000000e+00	9555
483	1.000000000000000e+00	9555
484	1.000000000000000e+00	9555
485	1.000000000000000e+00	9555
486	1.000000000000000e+00	9555
487	1.000000000000000e+00	9555
488	1.000000000000000e+00	9555
489	1.000000000000000e+00	9555
490	1.000000000000000e+00	9555
491	9.500000000000003e-01	9100
492	9.000000000000002e-01	8645
493	8.490000000000002e-01	11830
494	8.000000000000002e-01	7735
495	7.500000000000001e-01	7280
496	7.000000000000001e-01	6825
497	6.500000000000000e-01	6370
498	6.000000000000000e-01	5915
499	5.499999999999999e-01	5460
500	4.999999999999999e-01	5005
501	5.499999999999999e-01	5460
502	6.000000000000000e-01	5915
503	6.500000000000000e-01	6370
504	7.000000000000001e-01	6825
505	7.500000000000001e-01	7280
506	8.000000000000002e-01	7735
507	8.500000000000002e-01	8190
508	9.000000000000002e-01	8645
509	9.500000000000003e-01	9100
510	9.000000000000002e-01	8645
511	8.500000000000002e-01	8190
512	8.000000000000002e-01	7735
513	7.500000000000001e-01	7280
514	8.000000000000002e-01	7735
515	8.500000000000002e-01	8190
516	9.000000000000002e-01	8645
517	9.500000000000003e-01	9100
518	1.000000000000000e+00	9555
519	1.000000000000000e+00	9555
520	1.000000000000000e+00	9555
521	1.000000000000000e+00	9555
522	1.000000000000000e+00	9555
523	1.000000000000000e+00	9555
524	1.000000000000000e+00	9555
525	1.000000000000000e+00	9555
526	1.000000000000000e+00	9555
527	1.000000000000000e+00	9555
528	1.000000000000000e+00	9555
529	1.000000000000000e+00	9555
530	1.000000000000000e+00	9555
531	1.000000000000000e+00	9555
532	1.000000000000000e+00	9555
533	1.000000000000000e+00	9555
534	1.000000000000000e+00	9555
535	1.000000000000000e+00	9555
536	1.000000000000000e+00	9555
537	1.000000000000000e+00	9555
538	1.000000000000000e+00	9555
539	1.000000000000000e+00	9555
540	1.000000000000000e+00	9555
541	1.000000000000000e+00	9555
542	1.000000000000000e+00	9555
543	1.000000000000000e+00	9555
544	1.000000000000000e+00	9555
545	1.000000000000000e+00	9555
546	1.000000000000000e+00	9555
547	1.000000000000000e+00	9555
548	1.000000000000000e+00	9555
549	1.000000000000000e+00	9555
550	1.000000000000000e+00	9555
551	1.000000000000000e+00	9555
552	1.000000000000000e+00	9555
553	1.000000000000000e+00	9555
554	1.000000000000000e+00	9555
555	1.000000000000000e+00	9555
556	1.000000000000000e+00	9555
557	1.000000000000000e+00	9555
558	1.000000000000000e+00	9555
559	1.000000000000000e+00	9555
560	1.000000000000000e+00	9555
561	1.000000000000000e+00	9555
562	1.000000000000000e+00	9555
563	1.000000000000000e+00	9555
564	1.000000000000000e+00	9555
565	1.000000000000000e+00	9555
566	1.000000000000000e+00	9555
567	1.000000000000000e+00	9555
568	1.000000000000000e+00	9555
569	1.000000000000000e+00	9555
570	1.000000000000000e+00	9555
571	1.000000000000000e+00	9555
572	1.000000000000000e+00	9555
573	1.000000000000000e+00	9555
574	1.000000000000000e+00	9555
575	1.000000000000000e+00	9555
576	1.000000000000000e+00	9555
577	1.000000000000000e+00	9555
578	1.000000000000000e+00	9555
579	1.000000000000000e+00	9555
580	1.000000000000000e+00	9555
581	1.000000000000000e+00	9555
582	1.000000000000000e+00	9555
583	1.000000000000000e+00	9555
584	1.000000000000000e+00	9555
585	1.000000000000000e+00	9555
586	1.000000000000000e+00	9555
587	1.000000000000000e+00	9555
588	1.000000000000000e+00	9555
589	1.000000000000000e+00	9555
590	1.000000000000000e+00	9555
591	1.000000000000000e+00	9555
592	1.000000000000000e+00	9555
593	1.000000000000000e+00	9555
594	1.000000000000000e+00	9555
595	1.000000000000000e+00	9555
596	1.000000000000000e+00	9555
597	1.000000000000000e+00	9555
598	1.000000000000000e+00	9555
599	1.000000000000000e+00	9555
600	1.000000000000000e+00	9555
601	1.000000000000000e+00	9555
602	1.000000000000000e+00	9555
603	1.000000000000000e+00	9555
604	1.000000000000000e+00	9555
605	1.000000000000000e+00	9555
606	1.000000000000000e+00	9555
607	1.000000000000000e+00	9555
608	1.000000000000000e+00	9555
609	1.000000000000000e+00	9555
610	1.000000000000000e+00	9555
611	1.000000000000000e+00	9555
612	1.000000000000000e+00	9555
613	1.000000000000000e+00	9555
614	1.000000000000000e+00	9555
615	1.000000000000000e+00	9555
616	1.000000000000000e+00	9555
617	1.000000000000000e+00	9555
618	1.000000000000000e+00	9555
619	1.000000000000000e+00	9555
620	1.000000000000000e+00	9555
621	1.000000000000000e+00	9555
622	1.000000000000000e+00	9555
623	1.000000000000000e+00	9555
624	1.000000000000000e+00	9555
625	1.000000000000000e+00	9555
626	1.000000000000000e+00	9555
627	1.000000000000000e+00	9555
628	1.000000000000000e+00	9555
629	1.000000000000000e+00	9555
630	1.000000000000000e+00	9555
631	1.000000000000000e+00	9555
632	1.000000000000000e+00	9555
633	1.000000000000000e+00	9555
634	1.000000000000000e+00	9555
635	1.000000000000000e+00	9555
636	1.000000000000000e+00	9555
637	1.000000000000000e+00	9555
638	1.000000000000000e+00	9555
639	1.000000000000000e+00	9555
640	1.000000000000000e+00	9555
641	1.000000000000000e+00	9555
642	1.000000000000000e+00	9555
643	1.000000000000000e+00	9555
644	1.000000000000000e+00	9555
645	1.000000000000000e+00	9555
646	1.000000000000000e+00	9555
647	1.000000000000000e+00	9555
648	1.000000000000000e+00	9555
649	1.000000000000000e+00	9555
650	1.000000000000000e+00	9555
651	1.000000000000000e+00	9555
652	1.000000000000000e+00	9555
653	1.000000000000000e+00	9555
654	1.000000000000000e+00	9555
655	1.000000000000000e+00	9555
656	1.000000000000000e+00	9555
657	1.000000000000000e+00	9555
658	1.000000000000000e+00	9555
659	1.000000000000000e+00	9555
660	1.000000000000000e+00	9555
661	1.000000000000000e+00	9555
662	1.000000000000000e+00	9555
663	1.000000000000000e+00	9555
664	1.000000000000000e+00	9555
665	1.000000000000000e+00	9555
666	1.000000000000000e+00	9555
667	1.000000000000000e+00	9555
668	1.000000000000000e+00	9555
669	1.000000000000000e+00	9555
670	1.000000000000000e+00	9555
671	1.000000000000000e+00	9555
672	1.000000000000000e+00	9555
673	1.000000000000000e+00	9555
674	1.000000000000000e+00	9555
675	1.000000000000000e+00	9555
676	1.000000000000000e+00	9555
677	1.000000000000000e+00	9555
678	1.000000000000000e+00	9555
679	1.000000000000000e+00	9555
680	1.000000000000000e+00	9555
681	1.000000000000000e+00	9555
682	1.000000000000000e+00	9555
683	1.000000000000000e+00	9555
684	1.000000000000000e+00	9555
685	1.000000000000000e+00	9555
686	1.000000000000000e+00	9555
687	1.000000000000000e+00	9555
688	1.000000000000000e+00	9555
689	1.000000000000000e+00	9555
690	1.000000000000000e+00	9555
691	1.000000000000000e+00	9555
692	1.000000000000000e+00	9555
693	1.000000000000000e+00	9555
694	1.000000000000000e+00	9555
695	1.000000000000000e+00	9555
696	1.000000000000000e+00	9555
697	1.000000000000000e+00	9555
698	1.000000000000000e+00	9555
699	1.000000000000000e+00	9555
700	1.000000000000000e+00	9555
701	1.000000000000000e+00	9555
702	1.000000000000000e+00	9555
703	1.000000000000000e+00	9555
704	1.000000000000000e+00	9555
705	1.000000000000000e+00	9555
706	1.000000000000000e+00	9555
707	1.000000000000000e+00	9555
708	1.000000000000000e+00	9555
709	1.000000000000000e+00	9555
710	1.000000000000000e+00	9555
711	1.000000000000000e+00	9555
712	1.000000000000000e+00	9555
713	1.000000000000000e+00	9555
714	1.000000000000000e+00	9555
715	1.000000000000000e+00	9555
716	1.000000000000000e+00	9555
717	1.000000000000000e+00	9555
718	1.000000000000000e+00	9555
719	1.000000000000000e+00	9555
720	1.000000000000000e+00	9555
721	1.000000000000000e+00	9555
722	1.000000000000000e+00	9555
723	1.000000000000000e+00	9555
724	1.000000000000000e+00	9555
725	1.000000000000000e+00	9555
726	1.000000000000000e+00	9555
727	1.000000000000000e+00	9555
728	1.000000000000000e+00	9555
729	1.000000000000000e+00	9555
730	1.000000000000000e+00	9555
731	1.000000000000000e+00	9555
732	1.000000000000000e+00	9555
733	1.000000000000000e+00	9555
734	1.000000000000000e+00	9555
735	1.000000000000000e+00	9555
736	1.000000000000000e+00	9555
737	1.000000000000000e+00	9555
738	1.000000000000000e+00	9555
739	1.000000000000000e+00	9555
740	1.000000000000000e+00	9555
741	1.000000000000000e+00	9555
742	1.000000000000000e+00	9555
743	1.000000000000000e+00	9555
744	1.000000000000000e+00	9555
745	1.000000000000000e+00	9555
746	1.000000000000000e+00	9555
747	1.000000000000000e+00	9555
748	1.000000000000000e+00	9555
749	1.000000000000000e+00	9555
750	1.000000000000000e+00	9555
751	1.000000000000000e+00	9555
752	1.000000000000000e+00	9555
753	1.000000000000000e+00	9555
754	1.000000000000000e+00	9555
755	1.000000000000000e+00	9555
756	1.000000000000000e+00	9555
757	1.000000000000000e+00	9555
758	1.000000000000000e+00	9555
759	1.000000000000000e+00	9555
760	1.000000000000000e+00	9555
761	1.000000000000000e+00	9555
762	1.000000000000000e+00	9555
763	1.000000000000000e+00	9555
764	1.000000000000000e+00	9555
765	1.000000000000000e+00	9555
766	1.000000000000000e+00	9555
767	1.000000000000000e+00	9555
768	1.000000000000000e+00	9555
769	1.000000000000000e+00	9555
770	1.000000000000000e+00	9555
771	1.000000000000000e+00	9555
772	1.000000000000000e+00	9555
773	1.000000000000000e+00	9555
774	1.000000000000000e+00	9555
775	1.000000000000000e+00	9555
776	1.000000000000000e+00	9555
777	1.000000000000000e+00	9555
778	1.000000000000000e+00	9555
779	1.000000000000000e+00	9555
780	1.000000000000000e+00	9555
781	1.000000000000000e+00	9555
782	1.000000000000000e+00	9555
783	1.000000000000000e+00	9555
784	1.000000000000000e+00	9555
785	1.000000000000000e+00	9555
786	1.000000000000000e+00	9555
787	1.000000000000000e+00	9555
788	1.000000000000000e+00	9555
789	1.000000000000000e+00	9555
790	1.000000000000000e+00	9555
791	1.000000000000000e+00	9555
792	1.000000000000000e+00	9555
793	1.000000000000000e+00	9555
794	1.000000000000000e+00	9555
795	1.000000000000000e+00	9555
796	1.000000000000000e+00	9555
797	1.000000000000000e+00	9555
798	1.000000000000000e+00	9555
799	1.000000000000000e+00	9555
800	1.000000000000000e+00	9555
801	1.000000000000000e+00	9555
802	1.000000000000000e+00	9555
803	1.000000000000000e+00	9555
804	1.000000000000000e+00	9555
805	1.000000000000000e+00	9555
806	1.000000000000000e+00	9555
807	1.000000000000000e+00	9555
808	1.000000000000000e+00	9555
809	1.000000000000000e+00	9555
810	1.000000000000000e+00	9555
811	1.000000000000000e+00	9555
812	1.000000000000000e+00	9555
813	1.000000000000000e+00	9555
814	1.000000000000000e+00	9555
815	1.000000000000000e+00	9555
816	1.000000000000000e+00	9555
817	1.000000000000000e+00	9555
818	1.000000000000000e+00	9555
819	1.000000000000000e+00	9555
820	1.000000000000000e+00	9555
821	1.000000000000000e+00	9555
822	1.000000000000000e+00	9555
823	1.000000000000000e+00	9555
824	1.000000000000000e+00	9555
825	1.000000000000000e+00	9555
826	1.000000000000000e+00	9555
827	1.000000000000000e+00	9555
828	1.000000000000000e+00	9555
829	1.000000000000000e+00	9555
830	1.000000000000000e+00	9555
831	1.000000000000000e+00	9555
832	1.000000000000000e+00	9555
833	1.000000000000000e+00	9555
834	1.000000000000000e+00	9555
835	1.000000000000000e+00	9555
836	1.000000000000000e+00	9555
837	1.000000000000000e+00	9555
838	1.000000000000000e+00	9555
839	1.000000000000000e+00	9555
840	1.000000000000000e+00	9555
841	1.000000000000000e+00	9555
842	1.000000000000000e+00	9555
843	1.000000000000000e+00	9555
844	1.000000000000000e+00	9555
845	1.000000000000000e+00	9555
846	1.000000000000000e+00	9555
847	1.000000000000000e+00	9555
848	1.000000000000000e+00	9555
849	1.000000000000000e+00	9555
850	1.000000000000000e+00	9555
851	1.000000000000000e+00	9555
852	1.000000000000000e+00	9555
853	1.000000000000000e+00	9555
854	1.000000000000000e+00	9555
855	1.000000000000000e+00	9555
856	1.000000000000000e+00	9555
857	1.000000000000000e+00	9555
858	1.000000000000000e+00	9555
859	1.000000000000000e+00	9555
860	1.000000000000000e+00	9555
861	1.000000000000000e+00	9555
862	1.000000000000000e+00	9555
863	1.000000000000000e+00	9555
864	1.000000000000000e+00	9555
865	1.000000000000000e+00	9555
866	1.000000000000000e+00	9555
867	1.000000000000000e+00	9555
868	1.000000000000000e+00	9555
869	1.000000000000000e+00	9555
870	1.000000000000000e+00	9555
871	1.000000000000000e+00	9555
872	1.000000000000000e+00	9555
873	1.000000000000000e+00	9555
874	1.000000000000000e+00	9555
875	1.000000000000000e+00	9555
876	1.000000000000000e+00	9555
877	1.000000000000000e+00	9555
878	1.000000000000000e+00	9555
879	1.000000000000000e+00	9555
880	1.000000000000000e+00	9555
881	1.000000000000000e+00	9555
882	1.000000000000000e+00	9555
883	1.000000000000000e+00	9555
884	1.000000000000000e+00	9555
885	1.000000000000000e+00	9555
886	1.000000000000000e+00	9555
887	1.000000000000000e+00	9555
888	1.000000000000000e+00	9555
889	1.000000000000000e+00	9555
890	1.000000000000000e+00	9555
891	1.000000000000000e+00	9555
892	1.000000000000000e+00	9555
893	1.000000000000000e+00	9555
894	1.000000000000000e+00	9555
895	1.000000000000000e+00	9555
896	1.000000000000000e+00	9555
897	1.000000000000000e+00	9555
898	1.000000000000000e+00	9555
899	1.000000000000000e+00	9555
900	1.000000000000000e+00	9555
901	1.000000000000000e+00	9555
902	1.000000000000000e+00	9555
903	1.000000000000000e+00	9555
904	1.000000000000000e+00	9555
905	1.000000000000000e+00	9555
906	1.000000000000000e+00	9555
907	1.000000000000000e+00	9555
908	1.000000000000000e+00	9555
909	1.000000000000000e+00	9555
910	1.000000000000000e+00	9555
911	1.000000000000000e+00	9555
912	1.000000000000000e+00	9555
913	1.000000000000000e+00	9555
914	1.000000000000000e+00	9555
915	1.000000000000000e+00	9555
916	1.000000000000000e+00	9555
917	1.000000000000000e+00	9555
918	1.000000000000000e+00	9555
919	1.000000000000000e+00	9555
920	1.000000000000000e+00	9555
921	1.000000000000000e+00	9555
922	1.000000000000000e+00	9555
923	1.000000000000000e+00	9555
924	1.000000000000000e+00	9555
925	1.000000000000000e+00	9555
926	1.000000000000000e+00	9555
927	1.000000000000000e+00	9555
928	1.000000000000000e+00	9555
929	1.000000000000000e+00	9555
930	1.000000000000000e+00	9555
931	1.000000000000000e+00	9555
932	1.000000000000000e+00	9555
933	1.000000000000000e+00	9555
934	1.000000000000000e+00	9555
935	1.000000000000000e+00	9555
936	1.000000000000000e+00	9555
937	1.000000000000000e+00	9555
938	1.000000000000000e+00	9555
939	1.000000000000000e+00	9555
940	1.000000000000000e+00	9555
941	1.000000000000000e+00	9555
942	1.000000000000000e+00	9555
943	1.000000000000000e+00	9555
944	1.000000000000000e+00	9555
945	1.000000000000000e+00	9555
946	1.000000000000000e+00	9555
947	1.000000000000000e+00	9555
948	1.000000000000000e+00	9555
949	1.000000000000000e+00	9555
950	1.000000000000000e+00	9555
951	1.000000000000000e+00	9555
952	1.000000000000000e+00	9555
953	1.000000000000000e+00	9555
954	1.000000000000000e+00	9555
955	1.000000000000000e+00	9555
956	1.000000000000000e+00	9555
957	1.000000000000000e+00	9555
958	1.000000000000000e+00	9555
959	1.000000000000000e+00	9555
960	1.000000000000000e+00	9555
961	1.000000000000000e+00	9555
962	1.000000000000000e+00	9555
963	1.000000000000000e+00	9555
964	1.000000000000000e+00	9555
965	1.000000000000000e+00	9555
966	1.000000000000000e+00	9555
967	1.000000000000000e+00	9555
968	1.000000000000000e+00	9555
969	1.000000000000000e+00	9555
970	1.000000000000000e+00	9555
971	1.000000000000000e+00	9555
972	1.000000000000000e+00	9555
973	1.000000000000000e+00	9555
974	1.000000000000000e+00	9555
975	1.000000000000000e+00	9555
976	1.000000000000000e+00	9555
977	1.000000000000000e+00	9555
978	1.000000000000000e+00	9555
979	1.000000000000000e+00	9555
980	1.000000000000000e+00	9555
981	1.000000000000000e+00	9555
982	1.000000000000000e+00	9555
983	1.000000000000000e+00	9555
984	1.000000000000000e+00	9555
985	1.000000000000000e+00	9555
986	1.000000000000000e+00	9555
987	1.000000000000000e+00	9555
988	1.000000000000000e+00	9555
989	1.000000000000000e+00	9555
990	1.000000000000000e+00	9555
991	1.000000000000000e+00	9555
992	1.000000000000000e+00	9555
993	1.000000000000000e+00	9555
994	1.000000000000000e+00	9555
995	1.000000000000000e+00	9555
996	1.000000000000000e+00	9555
997	1.000000000000000e+00	9555
998	1.000000000000000e+00	9555
999	1.000000000000000e+00	9555
1000	1.000000000000000e+00	9555


Tempo gasto: 13.674074
