Método usado: C-GRASP

POSIÇÃO	ÁREA(mm²)	CUSTO

1	1.000000000000000e+00	18627
2	1.000000000000000e+00	18627
3	1.000000000000000e+00	18627
4	1.000000000000000e+00	18627
5	1.000000000000000e+00	18627
6	1.000000000000000e+00	18627
7	1.000000000000000e+00	18627
8	1.000000000000000e+00	18627
9	1.000000000000000e+00	18627
10	1.000000000000000e+00	18627
11	1.000000000000000e+00	18627
12	1.000000000000000e+00	18627
13	1.000000000000000e+00	18627
14	1.000000000000000e+00	18627
15	1.000000000000000e+00	18627
16	1.000000000000000e+00	18627
17	1.000000000000000e+00	18627
18	1.000000000000000e+00	18627
19	1.000000000000000e+00	18627
20	1.000000000000000e+00	18627
21	1.000000000000000e+00	18627
22	1.000000000000000e+00	18627
23	1.000000000000000e+00	18627
24	1.000000000000000e+00	18627
25	1.000000000000000e+00	18627
26	1.000000000000000e+00	18627
27	1.000000000000000e+00	18627
28	1.000000000000000e+00	18627
29	1.000000000000000e+00	18627
30	1.000000000000000e+00	18627
31	1.000000000000000e+00	18627
32	1.000000000000000e+00	18627
33	1.000000000000000e+00	18627
34	1.000000000000000e+00	18627
35	1.000000000000000e+00	18627
36	1.000000000000000e+00	18627
37	1.000000000000000e+00	18627
38	1.000000000000000e+00	18627
39	1.000000000000000e+00	18627
40	1.000000000000000e+00	18627
41	1.000000000000000e+00	18627
42	1.000000000000000e+00	18627
43	1.000000000000000e+00	18627
44	1.000000000000000e+00	18627
45	1.000000000000000e+00	18627
46	1.000000000000000e+00	18627
47	1.000000000000000e+00	18627
48	1.000000000000000e+00	18627
49	1.000000000000000e+00	18627
50	1.000000000000000e+00	18627
51	1.000000000000000e+00	18627
52	1.000000000000000e+00	18627
53	1.000000000000000e+00	18627
54	1.000000000000000e+00	18627
55	1.000000000000000e+00	18627
56	1.000000000000000e+00	18627
57	1.000000000000000e+00	18627
58	1.000000000000000e+00	18627
59	1.000000000000000e+00	18627
60	1.000000000000000e+00	18627
61	1.000000000000000e+00	18627
62	1.000000000000000e+00	18627
63	1.000000000000000e+00	18627
64	1.000000000000000e+00	18627
65	1.000000000000000e+00	18627
66	1.000000000000000e+00	18627
67	1.000000000000000e+00	18627
68	1.000000000000000e+00	18627
69	1.000000000000000e+00	18627
70	1.000000000000000e+00	18627
71	1.000000000000000e+00	18627
72	1.000000000000000e+00	18627
73	1.000000000000000e+00	18627
74	1.000000000000000e+00	18627
75	1.000000000000000e+00	18627
76	1.000000000000000e+00	18627
77	1.000000000000000e+00	18627
78	1.000000000000000e+00	18627
79	1.000000000000000e+00	18627
80	1.000000000000000e+00	18627
81	1.000000000000000e+00	18627
82	1.000000000000000e+00	18627
83	1.000000000000000e+00	18627
84	1.000000000000000e+00	18627
85	1.000000000000000e+00	18627
86	1.000000000000000e+00	18627
87	1.000000000000000e+00	18627
88	1.000000000000000e+00	18627
89	1.000000000000000e+00	18627
90	1.000000000000000e+00	18627
91	1.000000000000000e+00	18627
92	1.000000000000000e+00	18627
93	1.000000000000000e+00	18627
94	1.000000000000000e+00	18627
95	1.000000000000000e+00	18627
96	1.000000000000000e+00	18627
97	1.000000000000000e+00	18627
98	1.000000000000000e+00	18627
99	1.000000000000000e+00	18627
100	1.000000000000000e+00	18627
101	1.000000000000000e+00	18627
102	1.000000000000000e+00	18627
103	1.000000000000000e+00	18627
104	1.000000000000000e+00	18627
105	1.000000000000000e+00	18627
106	1.000000000000000e+00	18627
107	1.000000000000000e+00	18627
108	1.000000000000000e+00	18627
109	1.000000000000000e+00	18627
110	1.000000000000000e+00	18627
111	1.000000000000000e+00	18627
112	1.000000000000000e+00	18627
113	1.000000000000000e+00	18627
114	1.000000000000000e+00	18627
115	1.000000000000000e+00	18627
116	1.000000000000000e+00	18627
117	1.000000000000000e+00	18627
118	1.000000000000000e+00	18627
119	1.000000000000000e+00	18627
120	1.000000000000000e+00	18627
121	1.000000000000000e+00	18627
122	1.000000000000000e+00	18627
123	1.000000000000000e+00	18627
124	1.000000000000000e+00	18627
125	1.000000000000000e+00	18627
126	1.000000000000000e+00	18627
127	1.000000000000000e+00	18627
128	1.000000000000000e+00	18627
129	1.000000000000000e+00	18627
130	1.000000000000000e+00	18627
131	1.000000000000000e+00	18627
132	1.000000000000000e+00	18627
133	1.000000000000000e+00	18627
134	1.000000000000000e+00	18627
135	1.000000000000000e+00	18627
136	1.000000000000000e+00	18627
137	1.000000000000000e+00	18627
138	1.000000000000000e+00	18627
139	1.000000000000000e+00	18627
140	1.000000000000000e+00	18627
141	1.000000000000000e+00	18627
142	1.000000000000000e+00	18627
143	1.000000000000000e+00	18627
144	1.000000000000000e+00	18627
145	1.000000000000000e+00	18627
146	1.000000000000000e+00	18627
147	1.000000000000000e+00	18627
148	1.000000000000000e+00	18627
149	1.000000000000000e+00	18627
150	1.000000000000000e+00	18627
151	1.000000000000000e+00	18627
152	1.000000000000000e+00	18627
153	1.000000000000000e+00	18627
154	1.000000000000000e+00	18627
155	1.000000000000000e+00	18627
156	1.000000000000000e+00	18627
157	1.000000000000000e+00	18627
158	1.000000000000000e+00	18627
159	1.000000000000000e+00	18627
160	1.000000000000000e+00	18627
161	1.000000000000000e+00	18627
162	1.000000000000000e+00	18627
163	1.000000000000000e+00	18627
164	1.000000000000000e+00	18627
165	1.000000000000000e+00	18627
166	1.000000000000000e+00	18627
167	1.000000000000000e+00	18627
168	1.000000000000000e+00	18627
169	1.000000000000000e+00	18627
170	1.000000000000000e+00	18627
171	1.000000000000000e+00	18627
172	1.000000000000000e+00	18627
173	1.000000000000000e+00	18627
174	1.000000000000000e+00	18627
175	1.000000000000000e+00	18627
176	1.000000000000000e+00	18627
177	1.000000000000000e+00	18627
178	1.000000000000000e+00	18627
179	1.000000000000000e+00	18627
180	1.000000000000000e+00	18627
181	1.000000000000000e+00	18627
182	1.000000000000000e+00	18627
183	1.000000000000000e+00	18627
184	1.000000000000000e+00	18627
185	1.000000000000000e+00	18627
186	1.000000000000000e+00	18627
187	1.000000000000000e+00	18627
188	1.000000000000000e+00	18627
189	1.000000000000000e+00	18627
190	1.000000000000000e+00	18627
191	1.000000000000000e+00	18627
192	1.000000000000000e+00	18627
193	1.000000000000000e+00	18627
194	1.000000000000000e+00	18627
195	1.000000000000000e+00	18627
196	1.000000000000000e+00	18627
197	1.000000000000000e+00	18627
198	1.000000000000000e+00	18627
199	1.000000000000000e+00	18627
200	1.000000000000000e+00	18627
201	1.000000000000000e+00	18627
202	1.000000000000000e+00	18627
203	1.000000000000000e+00	18627
204	1.000000000000000e+00	18627
205	1.000000000000000e+00	18627
206	1.000000000000000e+00	18627
207	1.000000000000000e+00	18627
208	1.000000000000000e+00	18627
209	1.000000000000000e+00	18627
210	1.000000000000000e+00	18627
211	1.000000000000000e+00	18627
212	1.000000000000000e+00	18627
213	1.000000000000000e+00	18627
214	1.000000000000000e+00	18627
215	1.000000000000000e+00	18627
216	1.000000000000000e+00	18627
217	1.000000000000000e+00	18627
218	1.000000000000000e+00	18627
219	1.000000000000000e+00	18627
220	1.000000000000000e+00	18627
221	1.000000000000000e+00	18627
222	1.000000000000000e+00	18627
223	1.000000000000000e+00	18627
224	1.000000000000000e+00	18627
225	1.000000000000000e+00	18627
226	1.000000000000000e+00	18627
227	1.000000000000000e+00	18627
228	1.000000000000000e+00	18627
229	1.000000000000000e+00	18627
230	1.000000000000000e+00	18627
231	1.000000000000000e+00	18627
232	1.000000000000000e+00	18627
233	1.000000000000000e+00	18627
234	1.000000000000000e+00	18627
235	1.000000000000000e+00	18627
236	1.000000000000000e+00	18627
237	1.000000000000000e+00	18627
238	1.000000000000000e+00	18627
239	1.000000000000000e+00	18627
240	1.000000000000000e+00	18627
241	1.000000000000000e+00	18627
242	1.000000000000000e+00	18627
243	1.000000000000000e+00	18627
244	1.000000000000000e+00	18627
245	1.000000000000000e+00	18627
246	1.000000000000000e+00	18627
247	1.000000000000000e+00	18627
248	1.000000000000000e+00	18627
249	1.000000000000000e+00	18627
250	1.000000000000000e+00	18627
251	1.000000000000000e+00	18627
252	1.000000000000000e+00	18627
253	1.000000000000000e+00	18627
254	1.000000000000000e+00	18627
255	1.000000000000000e+00	18627
256	1.000000000000000e+00	18627
257	1.000000000000000e+00	18627
258	1.000000000000000e+00	18627
259	1.000000000000000e+00	18627
260	1.000000000000000e+00	18627
261	1.000000000000000e+00	18627
262	1.000000000000000e+00	18627
263	1.000000000000000e+00	18627
264	1.000000000000000e+00	18627
265	1.000000000000000e+00	18627
266	1.000000000000000e+00	18627
267	1.000000000000000e+00	18627
268	1.000000000000000e+00	18627
269	1.000000000000000e+00	18627
270	1.000000000000000e+00	18627
271	1.000000000000000e+00	18627
272	1.000000000000000e+00	18627
273	1.000000000000000e+00	18627
274	1.000000000000000e+00	18627
275	1.000000000000000e+00	18627
276	1.000000000000000e+00	18627
277	1.000000000000000e+00	18627
278	1.000000000000000e+00	18627
279	1.000000000000000e+00	18627
280	1.000000000000000e+00	18627
281	1.000000000000000e+00	18627
282	1.000000000000000e+00	18627
283	1.000000000000000e+00	18627
284	1.000000000000000e+00	18627
285	1.000000000000000e+00	18627
286	1.000000000000000e+00	18627
287	1.000000000000000e+00	18627
288	1.000000000000000e+00	18627
289	1.000000000000000e+00	18627
290	1.000000000000000e+00	18627
291	1.000000000000000e+00	18627
292	1.000000000000000e+00	18627
293	1.000000000000000e+00	18627
294	1.000000000000000e+00	18627
295	1.000000000000000e+00	18627
296	1.000000000000000e+00	18627
297	1.000000000000000e+00	18627
298	1.000000000000000e+00	18627
299	1.000000000000000e+00	18627
300	1.000000000000000e+00	18627
301	1.000000000000000e+00	18627
302	1.000000000000000e+00	18627
303	1.000000000000000e+00	18627
304	1.000000000000000e+00	18627
305	1.000000000000000e+00	18627
306	1.000000000000000e+00	18627
307	1.000000000000000e+00	18627
308	1.000000000000000e+00	18627
309	1.000000000000000e+00	18627
310	1.000000000000000e+00	18627
311	1.000000000000000e+00	18627
312	1.000000000000000e+00	18627
313	1.000000000000000e+00	18627
314	1.000000000000000e+00	18627
315	1.000000000000000e+00	18627
316	1.000000000000000e+00	18627
317	1.000000000000000e+00	18627
318	1.000000000000000e+00	18627
319	1.000000000000000e+00	18627
320	1.000000000000000e+00	18627
321	1.000000000000000e+00	18627
322	1.000000000000000e+00	18627
323	1.000000000000000e+00	18627
324	1.000000000000000e+00	18627
325	1.000000000000000e+00	18627
326	1.000000000000000e+00	18627
327	1.000000000000000e+00	18627
328	1.000000000000000e+00	18627
329	1.000000000000000e+00	18627
330	1.000000000000000e+00	18627
331	1.000000000000000e+00	18627
332	1.000000000000000e+00	18627
333	1.000000000000000e+00	18627
334	1.000000000000000e+00	18627
335	1.000000000000000e+00	18627
336	1.000000000000000e+00	18627
337	1.000000000000000e+00	18627
338	1.000000000000000e+00	18627
339	1.000000000000000e+00	18627
340	1.000000000000000e+00	18627
341	1.000000000000000e+00	18627
342	1.000000000000000e+00	18627
343	1.000000000000000e+00	18627
344	1.000000000000000e+00	18627
345	1.000000000000000e+00	18627
346	1.000000000000000e+00	18627
347	1.000000000000000e+00	18627
348	1.000000000000000e+00	18627
349	1.000000000000000e+00	18627
350	1.000000000000000e+00	18627
351	1.000000000000000e+00	18627
352	1.000000000000000e+00	18627
353	1.000000000000000e+00	18627
354	1.000000000000000e+00	18627
355	1.000000000000000e+00	18627
356	1.000000000000000e+00	18627
357	1.000000000000000e+00	18627
358	1.000000000000000e+00	18627
359	1.000000000000000e+00	18627
360	1.000000000000000e+00	18627
361	1.000000000000000e+00	18627
362	1.000000000000000e+00	18627
363	1.000000000000000e+00	18627
364	1.000000000000000e+00	18627
365	1.000000000000000e+00	18627
366	1.000000000000000e+00	18627
367	1.000000000000000e+00	18627
368	1.000000000000000e+00	18627
369	1.000000000000000e+00	18627
370	1.000000000000000e+00	18627
371	1.000000000000000e+00	18627
372	1.000000000000000e+00	18627
373	1.000000000000000e+00	18627
374	1.000000000000000e+00	18627
375	1.000000000000000e+00	18627
376	1.000000000000000e+00	18627
377	1.000000000000000e+00	18627
378	1.000000000000000e+00	18627
379	1.000000000000000e+00	18627
380	1.000000000000000e+00	18627
381	1.000000000000000e+00	18627
382	1.000000000000000e+00	18627
383	1.000000000000000e+00	18627
384	1.000000000000000e+00	18627
385	1.000000000000000e+00	18627
386	1.000000000000000e+00	18627
387	1.000000000000000e+00	18627
388	1.000000000000000e+00	18627
389	1.000000000000000e+00	18627
390	1.000000000000000e+00	18627
391	1.000000000000000e+00	18627
392	1.000000000000000e+00	18627
393	1.000000000000000e+00	18627
394	1.000000000000000e+00	18627
395	1.000000000000000e+00	18627
396	1.000000000000000e+00	18627
397	1.000000000000000e+00	18627
398	1.000000000000000e+00	18627
399	1.000000000000000e+00	18627
400	1.000000000000000e+00	18627
401	1.000000000000000e+00	18627
402	1.000000000000000e+00	18627
403	1.000000000000000e+00	18627
404	1.000000000000000e+00	18627
405	1.000000000000000e+00	18627
406	1.000000000000000e+00	18627
407	1.000000000000000e+00	18627
408	1.000000000000000e+00	18627
409	1.000000000000000e+00	18627
410	1.000000000000000e+00	18627
411	1.000000000000000e+00	18627
412	1.000000000000000e+00	18627
413	1.000000000000000e+00	18627
414	1.000000000000000e+00	18627
415	1.000000000000000e+00	18627
416	1.000000000000000e+00	18627
417	1.000000000000000e+00	18627
418	1.000000000000000e+00	18627
419	1.000000000000000e+00	18627
420	1.000000000000000e+00	18627
421	1.000000000000000e+00	18627
422	1.000000000000000e+00	18627
423	1.000000000000000e+00	18627
424	1.000000000000000e+00	18627
425	1.000000000000000e+00	18627
426	1.000000000000000e+00	18627
427	1.000000000000000e+00	18627
428	1.000000000000000e+00	18627
429	1.000000000000000e+00	18627
430	1.000000000000000e+00	18627
431	1.000000000000000e+00	18627
432	1.000000000000000e+00	18627
433	1.000000000000000e+00	18627
434	1.000000000000000e+00	18627
435	1.000000000000000e+00	18627
436	1.000000000000000e+00	18627
437	1.000000000000000e+00	18627
438	1.000000000000000e+00	18627
439	1.000000000000000e+00	18627
440	1.000000000000000e+00	18627
441	1.000000000000000e+00	18627
442	1.000000000000000e+00	18627
443	1.000000000000000e+00	18627
444	1.000000000000000e+00	18627
445	1.000000000000000e+00	18627
446	1.000000000000000e+00	18627
447	1.000000000000000e+00	18627
448	1.000000000000000e+00	18627
449	1.000000000000000e+00	18627
450	1.000000000000000e+00	18627
451	1.000000000000000e+00	18627
452	1.000000000000000e+00	18627
453	1.000000000000000e+00	18627
454	1.000000000000000e+00	18627
455	1.000000000000000e+00	18627
456	1.000000000000000e+00	18627
457	1.000000000000000e+00	18627
458	1.000000000000000e+00	18627
459	1.000000000000000e+00	18627
460	1.000000000000000e+00	18627
461	1.000000000000000e+00	18627
462	1.000000000000000e+00	18627
463	1.000000000000000e+00	18627
464	1.000000000000000e+00	18627
465	1.000000000000000e+00	18627
466	1.000000000000000e+00	18627
467	1.000000000000000e+00	18627
468	1.000000000000000e+00	18627
469	1.000000000000000e+00	18627
470	1.000000000000000e+00	18627
471	1.000000000000000e+00	18627
472	1.000000000000000e+00	18627
473	1.000000000000000e+00	18627
474	1.000000000000000e+00	18627
475	1.000000000000000e+00	18627
476	1.000000000000000e+00	18627
477	1.000000000000000e+00	18627
478	1.000000000000000e+00	18627
479	1.000000000000000e+00	18627
480	1.000000000000000e+00	18627
481	1.000000000000000e+00	18627
482	1.000000000000000e+00	18627
483	1.000000000000000e+00	18627
484	1.000000000000000e+00	18627
485	1.000000000000000e+00	18627
486	1.000000000000000e+00	18627
487	1.000000000000000e+00	18627
488	1.000000000000000e+00	18627
489	1.000000000000000e+00	18627
490	1.000000000000000e+00	18627
491	9.500000000000003e-01	17740
492	9.000000000000002e-01	16853
493	8.490000000000002e-01	23062
494	8.000000000000002e-01	15079
495	7.500000000000001e-01	14192
496	7.000000000000001e-01	13305
497	6.500000000000000e-01	12418
498	6.000000000000000e-01	11531
499	5.499999999999999e-01	10644
500	4.999999999999999e-01	9757
501	5.499999999999999e-01	10644
502	6.000000000000000e-01	11531
503	6.500000000000000e-01	12418
504	7.000000000000001e-01	13305
505	7.500000000000001e-01	14192
506	8.000000000000002e-01	15079
507	8.500000000000002e-01	15966
508	9.000000000000002e-01	16853
509	9.500000000000003e-01	17740
510	9.000000000000002e-01	16853
511	8.500000000000002e-01	15966
512	8.000000000000002e-01	15079
513	7.500000000000001e-01	14192
514	8.000000000000002e-01	15079
515	8.500000000000002e-01	15966
516	9.000000000000002e-01	16853
517	9.500000000000003e-01	17740
518	1.000000000000000e+00	18627
519	1.000000000000000e+00	18627
520	1.000000000000000e+00	18627
521	1.000000000000000e+00	18627
522	1.000000000000000e+00	18627
523	1.000000000000000e+00	18627
524	1.000000000000000e+00	18627
525	1.000000000000000e+00	18627
526	1.000000000000000e+00	18627
527	1.000000000000000e+00	18627
528	1.000000000000000e+00	18627
529	1.000000000000000e+00	18627
530	1.000000000000000e+00	18627
531	1.000000000000000e+00	18627
532	1.000000000000000e+00	18627
533	1.000000000000000e+00	18627
534	1.000000000000000e+00	18627
535	1.000000000000000e+00	18627
536	1.000000000000000e+00	18627
537	1.000000000000000e+00	18627
538	1.000000000000000e+00	18627
539	1.000000000000000e+00	18627
540	1.000000000000000e+00	18627
541	1.000000000000000e+00	18627
542	1.000000000000000e+00	18627
543	1.000000000000000e+00	18627
544	1.000000000000000e+00	18627
545	1.000000000000000e+00	18627
546	1.000000000000000e+00	18627
547	1.000000000000000e+00	18627
548	1.000000000000000e+00	18627
549	1.000000000000000e+00	18627
550	1.000000000000000e+00	18627
551	1.000000000000000e+00	18627
552	1.000000000000000e+00	18627
553	1.000000000000000e+00	18627
554	1.000000000000000e+00	18627
555	1.000000000000000e+00	18627
556	1.000000000000000e+00	18627
557	1.000000000000000e+00	18627
558	1.000000000000000e+00	18627
559	1.000000000000000e+00	18627
560	1.000000000000000e+00	18627
561	1.000000000000000e+00	18627
562	1.000000000000000e+00	18627
563	1.000000000000000e+00	18627
564	1.000000000000000e+00	18627
565	1.000000000000000e+00	18627
566	1.000000000000000e+00	18627
567	1.000000000000000e+00	18627
568	1.000000000000000e+00	18627
569	1.000000000000000e+00	18627
570	1.000000000000000e+00	18627
571	1.000000000000000e+00	18627
572	1.000000000000000e+00	18627
573	1.000000000000000e+00	18627
574	1.000000000000000e+00	18627
575	1.000000000000000e+00	18627
576	1.000000000000000e+00	18627
577	1.000000000000000e+00	18627
578	1.000000000000000e+00	18627
579	1.000000000000000e+00	18627
580	1.000000000000000e+00	18627
581	1.000000000000000e+00	18627
582	1.000000000000000e+00	18627
583	1.000000000000000e+00	18627
584	1.000000000000000e+00	18627
585	1.000000000000000e+00	18627
586	1.000000000000000e+00	18627
587	1.000000000000000e+00	18627
588	1.000000000000000e+00	18627
589	1.000000000000000e+00	18627
590	1.000000000000000e+00	18627
591	1.000000000000000e+00	18627
592	1.000000000000000e+00	18627
593	1.000000000000000e+00	18627
594	1.000000000000000e+00	18627
595	1.000000000000000e+00	18627
596	1.000000000000000e+00	18627
597	1.000000000000000e+00	18627
598	1.000000000000000e+00	18627
599	1.000000000000000e+00	18627
600	1.000000000000000e+00	18627
601	1.000000000000000e+00	18627
602	1.000000000000000e+00	18627
603	1.000000000000000e+00	18627
604	1.000000000000000e+00	18627
605	1.000000000000000e+00	18627
606	1.000000000000000e+00	18627
607	1.000000000000000e+00	18627
608	1.000000000000000e+00	18627
609	1.000000000000000e+00	18627
610	1.000000000000000e+00	18627
611	1.000000000000000e+00	18627
612	1.000000000000000e+00	18627
613	1.000000000000000e+00	18627
614	1.000000000000000e+00	18627
615	1.000000000000000e+00	18627
616	1.000000000000000e+00	18627
617	1.000000000000000e+00	18627
618	1.000000000000000e+00	18627
619	1.000000000000000e+00	18627
620	1.000000000000000e+00	18627
621	1.000000000000000e+00	18627
622	1.000000000000000e+00	18627
623	1.000000000000000e+00	18627
624	1.000000000000000e+00	18627
625	1.000000000000000e+00	18627
626	1.000000000000000e+00	18627
627	1.000000000000000e+00	18627
628	1.000000000000000e+00	18627
629	1.000000000000000e+00	18627
630	1.000000000000000e+00	18627
631	1.000000000000000e+00	18627
632	1.000000000000000e+00	18627
633	1.000000000000000e+00	18627
634	1.000000000000000e+00	18627
635	1.000000000000000e+00	18627
636	1.000000000000000e+00	18627
637	1.000000000000000e+00	18627
638	1.000000000000000e+00	18627
639	1.000000000000000e+00	18627
640	1.000000000000000e+00	18627
641	1.000000000000000e+00	18627
642	1.000000000000000e+00	18627
643	1.000000000000000e+00	18627
644	1.000000000000000e+00	18627
645	1.000000000000000e+00	18627
646	1.000000000000000e+00	18627
647	1.000000000000000e+00	18627
648	1.000000000000000e+00	18627
649	1.000000000000000e+00	18627
650	1.000000000000000e+00	18627
651	1.000000000000000e+00	18627
652	1.000000000000000e+00	18627
653	1.000000000000000e+00	18627
654	1.000000000000000e+00	18627
655	1.000000000000000e+00	18627
656	1.000000000000000e+00	18627
657	1.000000000000000e+00	18627
658	1.000000000000000e+00	18627
659	1.000000000000000e+00	18627
660	1.000000000000000e+00	18627
661	1.000000000000000e+00	18627
662	1.000000000000000e+00	18627
663	1.000000000000000e+00	18627
664	1.000000000000000e+00	18627
665	1.000000000000000e+00	18627
666	1.000000000000000e+00	18627
667	1.000000000000000e+00	18627
668	1.000000000000000e+00	18627
669	1.000000000000000e+00	18627
670	1.000000000000000e+00	18627
671	1.000000000000000e+00	18627
672	1.000000000000000e+00	18627
673	1.000000000000000e+00	18627
674	1.000000000000000e+00	18627
675	1.000000000000000e+00	18627
676	1.000000000000000e+00	18627
677	1.000000000000000e+00	18627
678	1.000000000000000e+00	18627
679	1.000000000000000e+00	18627
680	1.000000000000000e+00	18627
681	1.000000000000000e+00	18627
682	1.000000000000000e+00	18627
683	1.000000000000000e+00	18627
684	1.000000000000000e+00	18627
685	1.000000000000000e+00	18627
686	1.000000000000000e+00	18627
687	1.000000000000000e+00	18627
688	1.000000000000000e+00	18627
689	1.000000000000000e+00	18627
690	1.000000000000000e+00	18627
691	1.000000000000000e+00	18627
692	1.000000000000000e+00	18627
693	1.000000000000000e+00	18627
694	1.000000000000000e+00	18627
695	1.000000000000000e+00	18627
696	1.000000000000000e+00	18627
697	1.000000000000000e+00	18627
698	1.000000000000000e+00	18627
699	1.000000000000000e+00	18627
700	1.000000000000000e+00	18627
701	1.000000000000000e+00	18627
702	1.000000000000000e+00	18627
703	1.000000000000000e+00	18627
704	1.000000000000000e+00	18627
705	1.000000000000000e+00	18627
706	1.000000000000000e+00	18627
707	1.000000000000000e+00	18627
708	1.000000000000000e+00	18627
709	1.000000000000000e+00	18627
710	1.000000000000000e+00	18627
711	1.000000000000000e+00	18627
712	1.000000000000000e+00	18627
713	1.000000000000000e+00	18627
714	1.000000000000000e+00	18627
715	1.000000000000000e+00	18627
716	1.000000000000000e+00	18627
717	1.000000000000000e+00	18627
718	1.000000000000000e+00	18627
719	1.000000000000000e+00	18627
720	1.000000000000000e+00	18627
721	1.000000000000000e+00	18627
722	1.000000000000000e+00	18627
723	1.000000000000000e+00	18627
724	1.000000000000000e+00	18627
725	1.000000000000000e+00	18627
726	1.000000000000000e+00	18627
727	1.000000000000000e+00	18627
728	1.000000000000000e+00	18627
729	1.000000000000000e+00	18627
730	1.000000000000000e+00	18627
731	1.000000000000000e+00	18627
732	1.000000000000000e+00	18627
733	1.000000000000000e+00	18627
734	1.000000000000000e+00	18627
735	1.000000000000000e+00	18627
736	1.000000000000000e+00	18627
737	1.000000000000000e+00	18627
738	1.000000000000000e+00	18627
739	1.000000000000000e+00	18627
740	1.000000000000000e+00	18627
741	1.000000000000000e+00	18627
742	1.000000000000000e+00	18627
743	1.000000000000000e+00	18627
744	1.000000000000000e+00	18627
745	1.000000000000000e+00	18627
746	1.000000000000000e+00	18627
747	1.000000000000000e+00	18627
748	1.000000000000000e+00	18627
749	1.000000000000000e+00	18627
750	1.000000000000000e+00	18627
751	1.000000000000000e+00	18627
752	1.000000000000000e+00	18627
753	1.000000000000000e+00	18627
754	1.000000000000000e+00	18627
755	1.000000000000000e+00	18627
756	1.000000000000000e+00	18627
757	1.000000000000000e+00	18627
758	1.000000000000000e+00	18627
759	1.000000000000000e+00	18627
760	1.000000000000000e+00	18627
761	1.000000000000000e+00	18627
762	1.000000000000000e+00	18627
763	1.000000000000000e+00	18627
764	1.000000000000000e+00	18627
765	1.000000000000000e+00	18627
766	1.000000000000000e+00	18627
767	1.000000000000000e+00	18627
768	1.000000000000000e+00	18627
769	1.000000000000000e+00	18627
770	1.000000000000000e+00	18627
771	1.000000000000000e+00	18627
772	1.000000000000000e+00	18627
773	1.000000000000000e+00	18627
774	1.000000000000000e+00	18627
775	1.000000000000000e+00	18627
776	1.000000000000000e+00	18627
777	1.000000000000000e+00	18627
778	1.000000000000000e+00	18627
779	1.000000000000000e+00	18627
780	1.000000000000000e+00	18627
781	1.000000000000000e+00	18627
782	1.000000000000000e+00	18627
783	1.000000000000000e+00	18627
784	1.000000000000000e+00	18627
785	1.000000000000000e+00	18627
786	1.000000000000000e+00	18627
787	1.000000000000000e+00	18627
788	1.000000000000000e+00	18627
789	1.000000000000000e+00	18627
790	1.000000000000000e+00	18627
791	1.000000000000000e+00	18627
792	1.000000000000000e+00	18627
793	1.000000000000000e+00	18627
794	1.000000000000000e+00	18627
795	1.000000000000000e+00	18627
796	1.000000000000000e+00	18627
797	1.000000000000000e+00	18627
798	1.000000000000000e+00	18627
799	1.000000000000000e+00	18627
800	1.000000000000000e+00	18627
801	1.000000000000000e+00	18627
802	1.000000000000000e+00	18627
803	1.000000000000000e+00	18627
804	1.000000000000000e+00	18627
805	1.000000000000000e+00	18627
806	1.000000000000000e+00	18627
807	1.000000000000000e+00	18627
808	1.000000000000000e+00	18627
809	1.000000000000000e+00	18627
810	1.000000000000000e+00	18627
811	1.000000000000000e+00	18627
812	1.000000000000000e+00	18627
813	1.000000000000000e+00	18627
814	1.000000000000000e+00	18627
815	1.000000000000000e+00	18627
816	1.000000000000000e+00	18627
817	1.000000000000000e+00	18627
818	1.000000000000000e+00	18627
819	1.000000000000000e+00	18627
820	1.000000000000000e+00	18627
821	1.000000000000000e+00	18627
822	1.000000000000000e+00	18627
823	1.000000000000000e+00	18627
824	1.000000000000000e+00	18627
825	1.000000000000000e+00	18627
826	1.000000000000000e+00	18627
827	1.000000000000000e+00	18627
828	1.000000000000000e+00	18627
829	1.000000000000000e+00	18627
830	1.000000000000000e+00	18627
831	1.000000000000000e+00	18627
832	1.000000000000000e+00	18627
833	1.000000000000000e+00	18627
834	1.000000000000000e+00	18627
835	1.000000000000000e+00	18627
836	1.000000000000000e+00	18627
837	1.000000000000000e+00	18627
838	1.000000000000000e+00	18627
839	1.000000000000000e+00	18627
840	1.000000000000000e+00	18627
841	1.000000000000000e+00	18627
842	1.000000000000000e+00	18627
843	1.000000000000000e+00	18627
844	1.000000000000000e+00	18627
845	1.000000000000000e+00	18627
846	1.000000000000000e+00	18627
847	1.000000000000000e+00	18627
848	1.000000000000000e+00	18627
849	1.000000000000000e+00	18627
850	1.000000000000000e+00	18627
851	1.000000000000000e+00	18627
852	1.000000000000000e+00	18627
853	1.000000000000000e+00	18627
854	1.000000000000000e+00	18627
855	1.000000000000000e+00	18627
856	1.000000000000000e+00	18627
857	1.000000000000000e+00	18627
858	1.000000000000000e+00	18627
859	1.000000000000000e+00	18627
860	1.000000000000000e+00	18627
861	1.000000000000000e+00	18627
862	1.000000000000000e+00	18627
863	1.000000000000000e+00	18627
864	1.000000000000000e+00	18627
865	1.000000000000000e+00	18627
866	1.000000000000000e+00	18627
867	1.000000000000000e+00	18627
868	1.000000000000000e+00	18627
869	1.000000000000000e+00	18627
870	1.000000000000000e+00	18627
871	1.000000000000000e+00	18627
872	1.000000000000000e+00	18627
873	1.000000000000000e+00	18627
874	1.000000000000000e+00	18627
875	1.000000000000000e+00	18627
876	1.000000000000000e+00	18627
877	1.000000000000000e+00	18627
878	1.000000000000000e+00	18627
879	1.000000000000000e+00	18627
880	1.000000000000000e+00	18627
881	1.000000000000000e+00	18627
882	1.000000000000000e+00	18627
883	1.000000000000000e+00	18627
884	1.000000000000000e+00	18627
885	1.000000000000000e+00	18627
886	1.000000000000000e+00	18627
887	1.000000000000000e+00	18627
888	1.000000000000000e+00	18627
889	1.000000000000000e+00	18627
890	1.000000000000000e+00	18627
891	1.000000000000000e+00	18627
892	1.000000000000000e+00	18627
893	1.000000000000000e+00	18627
894	1.000000000000000e+00	18627
895	1.000000000000000e+00	18627
896	1.000000000000000e+00	18627
897	1.000000000000000e+00	18627
898	1.000000000000000e+00	18627
899	1.000000000000000e+00	18627
900	1.000000000000000e+00	18627
901	1.000000000000000e+00	18627
902	1.000000000000000e+00	18627
903	1.000000000000000e+00	18627
904	1.000000000000000e+00	18627
905	1.000000000000000e+00	18627
906	1.000000000000000e+00	18627
907	1.000000000000000e+00	18627
908	1.000000000000000e+00	18627
909	1.000000000000000e+00	18627
910	1.000000000000000e+00	18627
911	1.000000000000000e+00	18627
912	1.000000000000000e+00	18627
913	1.000000000000000e+00	18627
914	1.000000000000000e+00	18627
915	1.000000000000000e+00	18627
916	1.000000000000000e+00	18627
917	1.000000000000000e+00	18627
918	1.000000000000000e+00	18627
919	1.000000000000000e+00	18627
920	1.000000000000000e+00	18627
921	1.000000000000000e+00	18627
922	1.000000000000000e+00	18627
923	1.000000000000000e+00	18627
924	1.000000000000000e+00	18627
925	1.000000000000000e+00	18627
926	1.000000000000000e+00	18627
927	1.000000000000000e+00	18627
928	1.000000000000000e+00	18627
929	1.000000000000000e+00	18627
930	1.000000000000000e+00	18627
931	1.000000000000000e+00	18627
932	1.000000000000000e+00	18627
933	1.000000000000000e+00	18627
934	1.000000000000000e+00	18627
935	1.000000000000000e+00	18627
936	1.000000000000000e+00	18627
937	1.000000000000000e+00	18627
938	1.000000000000000e+00	18627
939	1.000000000000000e+00	18627
940	1.000000000000000e+00	18627
941	1.000000000000000e+00	18627
942	1.000000000000000e+00	18627
943	1.000000000000000e+00	18627
944	1.000000000000000e+00	18627
945	1.000000000000000e+00	18627
946	1.000000000000000e+00	18627
947	1.000000000000000e+00	18627
948	1.000000000000000e+00	18627
949	1.000000000000000e+00	18627
950	1.000000000000000e+00	18627
951	1.000000000000000e+00	18627
952	1.000000000000000e+00	18627
953	1.000000000000000e+00	18627
954	1.000000000000000e+00	18627
955	1.000000000000000e+00	18627
956	1.000000000000000e+00	18627
957	1.000000000000000e+00	18627
958	1.000000000000000e+00	18627
959	1.000000000000000e+00	18627
960	1.000000000000000e+00	18627
961	1.000000000000000e+00	18627
962	1.000000000000000e+00	18627
963	1.000000000000000e+00	18627
964	1.000000000000000e+00	18627
965	1.000000000000000e+00	18627
966	1.000000000000000e+00	18627
967	1.000000000000000e+00	18627
968	1.000000000000000e+00	18627
969	1.000000000000000e+00	18627
970	1.000000000000000e+00	18627
971	1.000000000000000e+00	18627
972	1.000000000000000e+00	18627
973	1.000000000000000e+00	18627
974	1.000000000000000e+00	18627
975	1.000000000000000e+00	18627
976	1.000000000000000e+00	18627
977	1.000000000000000e+00	18627
978	1.000000000000000e+00	18627
979	1.000000000000000e+00	18627
980	1.000000000000000e+00	18627
981	1.000000000000000e+00	18627
982	1.000000000000000e+00	18627
983	1.000000000000000e+00	18627
984	1.000000000000000e+00	18627
985	1.000000000000000e+00	18627
986	1.000000000000000e+00	18627
987	1.000000000000000e+00	18627
988	1.000000000000000e+00	18627
989	1.000000000000000e+00	18627
990	1.000000000000000e+00	18627
991	1.000000000000000e+00	18627
992	1.000000000000000e+00	18627
993	1.000000000000000e+00	18627
994	1.000000000000000e+00	18627
995	1.000000000000000e+00	18627
996	1.000000000000000e+00	18627
997	1.000000000000000e+00	18627
998	1.000000000000000e+00	18627
999	1.000000000000000e+00	18627
1000	1.000000000000000e+00	18627


Tempo gasto: 13.566013
