Método usado: C-GRASP

POSIÇÃO	ÁREA(mm²)	CUSTO

1	1.000000000000000e+00	7560
2	1.000000000000000e+00	7560
3	1.000000000000000e+00	7560
4	1.000000000000000e+00	7560
5	1.000000000000000e+00	7560
6	1.000000000000000e+00	7560
7	1.000000000000000e+00	7560
8	1.000000000000000e+00	7560
9	1.000000000000000e+00	7560
10	1.000000000000000e+00	7560
11	1.000000000000000e+00	7560
12	1.000000000000000e+00	7560
13	1.000000000000000e+00	7560
14	1.000000000000000e+00	7560
15	1.000000000000000e+00	7560
16	1.000000000000000e+00	7560
17	1.000000000000000e+00	7560
18	1.000000000000000e+00	7560
19	1.000000000000000e+00	7560
20	1.000000000000000e+00	7560
21	1.000000000000000e+00	7560
22	1.000000000000000e+00	7560
23	1.000000000000000e+00	7560
24	1.000000000000000e+00	7560
25	1.000000000000000e+00	7560
26	1.000000000000000e+00	7560
27	1.000000000000000e+00	7560
28	1.000000000000000e+00	7560
29	1.000000000000000e+00	7560
30	1.000000000000000e+00	7560
31	1.000000000000000e+00	7560
32	1.000000000000000e+00	7560
33	1.000000000000000e+00	7560
34	1.000000000000000e+00	7560
35	1.000000000000000e+00	7560
36	1.000000000000000e+00	7560
37	1.000000000000000e+00	7560
38	1.000000000000000e+00	7560
39	1.000000000000000e+00	7560
40	1.000000000000000e+00	7560
41	1.000000000000000e+00	7560
42	1.000000000000000e+00	7560
43	1.000000000000000e+00	7560
44	1.000000000000000e+00	7560
45	1.000000000000000e+00	7560
46	1.000000000000000e+00	7560
47	1.000000000000000e+00	7560
48	1.000000000000000e+00	7560
49	1.000000000000000e+00	7560
50	1.000000000000000e+00	7560
51	1.000000000000000e+00	7560
52	1.000000000000000e+00	7560
53	1.000000000000000e+00	7560
54	1.000000000000000e+00	7560
55	1.000000000000000e+00	7560
56	1.000000000000000e+00	7560
57	1.000000000000000e+00	7560
58	1.000000000000000e+00	7560
59	1.000000000000000e+00	7560
60	1.000000000000000e+00	7560
61	1.000000000000000e+00	7560
62	1.000000000000000e+00	7560
63	1.000000000000000e+00	7560
64	1.000000000000000e+00	7560
65	1.000000000000000e+00	7560
66	1.000000000000000e+00	7560
67	1.000000000000000e+00	7560
68	1.000000000000000e+00	7560
69	1.000000000000000e+00	7560
70	1.000000000000000e+00	7560
71	1.000000000000000e+00	7560
72	1.000000000000000e+00	7560
73	1.000000000000000e+00	7560
74	1.000000000000000e+00	7560
75	1.000000000000000e+00	7560
76	1.000000000000000e+00	7560
77	1.000000000000000e+00	7560
78	1.000000000000000e+00	7560
79	1.000000000000000e+00	7560
80	1.000000000000000e+00	7560
81	1.000000000000000e+00	7560
82	1.000000000000000e+00	7560
83	1.000000000000000e+00	7560
84	1.000000000000000e+00	7560
85	1.000000000000000e+00	7560
86	1.000000000000000e+00	7560
87	1.000000000000000e+00	7560
88	1.000000000000000e+00	7560
89	1.000000000000000e+00	7560
90	1.000000000000000e+00	7560
91	1.000000000000000e+00	7560
92	1.000000000000000e+00	7560
93	1.000000000000000e+00	7560
94	1.000000000000000e+00	7560
95	1.000000000000000e+00	7560
96	1.000000000000000e+00	7560
97	1.000000000000000e+00	7560
98	1.000000000000000e+00	7560
99	1.000000000000000e+00	7560
100	1.000000000000000e+00	7560
101	1.000000000000000e+00	7560
102	1.000000000000000e+00	7560
103	1.000000000000000e+00	7560
104	1.000000000000000e+00	7560
105	1.000000000000000e+00	7560
106	1.000000000000000e+00	7560
107	1.000000000000000e+00	7560
108	1.000000000000000e+00	7560
109	1.000000000000000e+00	7560
110	1.000000000000000e+00	7560
111	1.000000000000000e+00	7560
112	1.000000000000000e+00	7560
113	1.000000000000000e+00	7560
114	1.000000000000000e+00	7560
115	1.000000000000000e+00	7560
116	1.000000000000000e+00	7560
117	1.000000000000000e+00	7560
118	1.000000000000000e+00	7560
119	1.000000000000000e+00	7560
120	1.000000000000000e+00	7560
121	1.000000000000000e+00	7560
122	1.000000000000000e+00	7560
123	1.000000000000000e+00	7560
124	1.000000000000000e+00	7560
125	1.000000000000000e+00	7560
126	1.000000000000000e+00	7560
127	1.000000000000000e+00	7560
128	1.000000000000000e+00	7560
129	1.000000000000000e+00	7560
130	1.000000000000000e+00	7560
131	1.000000000000000e+00	7560
132	1.000000000000000e+00	7560
133	1.000000000000000e+00	7560
134	1.000000000000000e+00	7560
135	1.000000000000000e+00	7560
136	1.000000000000000e+00	7560
137	1.000000000000000e+00	7560
138	1.000000000000000e+00	7560
139	1.000000000000000e+00	7560
140	1.000000000000000e+00	7560
141	1.000000000000000e+00	7560
142	1.000000000000000e+00	7560
143	1.000000000000000e+00	7560
144	1.000000000000000e+00	7560
145	1.000000000000000e+00	7560
146	1.000000000000000e+00	7560
147	1.000000000000000e+00	7560
148	1.000000000000000e+00	7560
149	1.000000000000000e+00	7560
150	1.000000000000000e+00	7560
151	1.000000000000000e+00	7560
152	1.000000000000000e+00	7560
153	1.000000000000000e+00	7560
154	1.000000000000000e+00	7560
155	1.000000000000000e+00	7560
156	1.000000000000000e+00	7560
157	1.000000000000000e+00	7560
158	1.000000000000000e+00	7560
159	1.000000000000000e+00	7560
160	1.000000000000000e+00	7560
161	1.000000000000000e+00	7560
162	1.000000000000000e+00	7560
163	1.000000000000000e+00	7560
164	1.000000000000000e+00	7560
165	1.000000000000000e+00	7560
166	1.000000000000000e+00	7560
167	1.000000000000000e+00	7560
168	1.000000000000000e+00	7560
169	1.000000000000000e+00	7560
170	1.000000000000000e+00	7560
171	1.000000000000000e+00	7560
172	1.000000000000000e+00	7560
173	1.000000000000000e+00	7560
174	1.000000000000000e+00	7560
175	1.000000000000000e+00	7560
176	1.000000000000000e+00	7560
177	1.000000000000000e+00	7560
178	1.000000000000000e+00	7560
179	1.000000000000000e+00	7560
180	1.000000000000000e+00	7560
181	1.000000000000000e+00	7560
182	1.000000000000000e+00	7560
183	1.000000000000000e+00	7560
184	1.000000000000000e+00	7560
185	1.000000000000000e+00	7560
186	1.000000000000000e+00	7560
187	1.000000000000000e+00	7560
188	1.000000000000000e+00	7560
189	1.000000000000000e+00	7560
190	1.000000000000000e+00	7560
191	1.000000000000000e+00	7560
192	1.000000000000000e+00	7560
193	1.000000000000000e+00	7560
194	1.000000000000000e+00	7560
195	1.000000000000000e+00	7560
196	1.000000000000000e+00	7560
197	1.000000000000000e+00	7560
198	1.000000000000000e+00	7560
199	1.000000000000000e+00	7560
200	1.000000000000000e+00	7560
201	1.000000000000000e+00	7560
202	1.000000000000000e+00	7560
203	1.000000000000000e+00	7560
204	1.000000000000000e+00	7560
205	1.000000000000000e+00	7560
206	1.000000000000000e+00	7560
207	1.000000000000000e+00	7560
208	1.000000000000000e+00	7560
209	1.000000000000000e+00	7560
210	1.000000000000000e+00	7560
211	1.000000000000000e+00	7560
212	1.000000000000000e+00	7560
213	1.000000000000000e+00	7560
214	1.000000000000000e+00	7560
215	1.000000000000000e+00	7560
216	1.000000000000000e+00	7560
217	1.000000000000000e+00	7560
218	1.000000000000000e+00	7560
219	1.000000000000000e+00	7560
220	1.000000000000000e+00	7560
221	1.000000000000000e+00	7560
222	1.000000000000000e+00	7560
223	1.000000000000000e+00	7560
224	1.000000000000000e+00	7560
225	1.000000000000000e+00	7560
226	1.000000000000000e+00	7560
227	1.000000000000000e+00	7560
228	1.000000000000000e+00	7560
229	1.000000000000000e+00	7560
230	1.000000000000000e+00	7560
231	1.000000000000000e+00	7560
232	1.000000000000000e+00	7560
233	1.000000000000000e+00	7560
234	1.000000000000000e+00	7560
235	1.000000000000000e+00	7560
236	1.000000000000000e+00	7560
237	1.000000000000000e+00	7560
238	1.000000000000000e+00	7560
239	1.000000000000000e+00	7560
240	1.000000000000000e+00	7560
241	1.000000000000000e+00	7560
242	1.000000000000000e+00	7560
243	1.000000000000000e+00	7560
244	1.000000000000000e+00	7560
245	1.000000000000000e+00	7560
246	1.000000000000000e+00	7560
247	1.000000000000000e+00	7560
248	1.000000000000000e+00	7560
249	1.000000000000000e+00	7560
250	1.000000000000000e+00	7560
251	1.000000000000000e+00	7560
252	1.000000000000000e+00	7560
253	1.000000000000000e+00	7560
254	1.000000000000000e+00	7560
255	1.000000000000000e+00	7560
256	1.000000000000000e+00	7560
257	1.000000000000000e+00	7560
258	1.000000000000000e+00	7560
259	1.000000000000000e+00	7560
260	1.000000000000000e+00	7560
261	1.000000000000000e+00	7560
262	1.000000000000000e+00	7560
263	1.000000000000000e+00	7560
264	1.000000000000000e+00	7560
265	1.000000000000000e+00	7560
266	1.000000000000000e+00	7560
267	1.000000000000000e+00	7560
268	1.000000000000000e+00	7560
269	1.000000000000000e+00	7560
270	1.000000000000000e+00	7560
271	1.000000000000000e+00	7560
272	1.000000000000000e+00	7560
273	1.000000000000000e+00	7560
274	1.000000000000000e+00	7560
275	1.000000000000000e+00	7560
276	1.000000000000000e+00	7560
277	1.000000000000000e+00	7560
278	1.000000000000000e+00	7560
279	1.000000000000000e+00	7560
280	1.000000000000000e+00	7560
281	1.000000000000000e+00	7560
282	1.000000000000000e+00	7560
283	1.000000000000000e+00	7560
284	1.000000000000000e+00	7560
285	1.000000000000000e+00	7560
286	1.000000000000000e+00	7560
287	1.000000000000000e+00	7560
288	1.000000000000000e+00	7560
289	1.000000000000000e+00	7560
290	1.000000000000000e+00	7560
291	1.000000000000000e+00	7560
292	1.000000000000000e+00	7560
293	1.000000000000000e+00	7560
294	1.000000000000000e+00	7560
295	1.000000000000000e+00	7560
296	1.000000000000000e+00	7560
297	1.000000000000000e+00	7560
298	1.000000000000000e+00	7560
299	1.000000000000000e+00	7560
300	1.000000000000000e+00	7560
301	1.000000000000000e+00	7560
302	1.000000000000000e+00	7560
303	1.000000000000000e+00	7560
304	1.000000000000000e+00	7560
305	1.000000000000000e+00	7560
306	1.000000000000000e+00	7560
307	1.000000000000000e+00	7560
308	1.000000000000000e+00	7560
309	1.000000000000000e+00	7560
310	1.000000000000000e+00	7560
311	1.000000000000000e+00	7560
312	1.000000000000000e+00	7560
313	1.000000000000000e+00	7560
314	1.000000000000000e+00	7560
315	1.000000000000000e+00	7560
316	1.000000000000000e+00	7560
317	1.000000000000000e+00	7560
318	1.000000000000000e+00	7560
319	1.000000000000000e+00	7560
320	1.000000000000000e+00	7560
321	1.000000000000000e+00	7560
322	1.000000000000000e+00	7560
323	1.000000000000000e+00	7560
324	1.000000000000000e+00	7560
325	1.000000000000000e+00	7560
326	1.000000000000000e+00	7560
327	1.000000000000000e+00	7560
328	1.000000000000000e+00	7560
329	1.000000000000000e+00	7560
330	1.000000000000000e+00	7560
331	1.000000000000000e+00	7560
332	1.000000000000000e+00	7560
333	1.000000000000000e+00	7560
334	1.000000000000000e+00	7560
335	1.000000000000000e+00	7560
336	1.000000000000000e+00	7560
337	1.000000000000000e+00	7560
338	1.000000000000000e+00	7560
339	1.000000000000000e+00	7560
340	1.000000000000000e+00	7560
341	1.000000000000000e+00	7560
342	1.000000000000000e+00	7560
343	1.000000000000000e+00	7560
344	1.000000000000000e+00	7560
345	1.000000000000000e+00	7560
346	1.000000000000000e+00	7560
347	1.000000000000000e+00	7560
348	1.000000000000000e+00	7560
349	1.000000000000000e+00	7560
350	1.000000000000000e+00	7560
351	1.000000000000000e+00	7560
352	1.000000000000000e+00	7560
353	1.000000000000000e+00	7560
354	1.000000000000000e+00	7560
355	1.000000000000000e+00	7560
356	1.000000000000000e+00	7560
357	1.000000000000000e+00	7560
358	1.000000000000000e+00	7560
359	1.000000000000000e+00	7560
360	1.000000000000000e+00	7560
361	1.000000000000000e+00	7560
362	1.000000000000000e+00	7560
363	1.000000000000000e+00	7560
364	1.000000000000000e+00	7560
365	1.000000000000000e+00	7560
366	1.000000000000000e+00	7560
367	1.000000000000000e+00	7560
368	1.000000000000000e+00	7560
369	1.000000000000000e+00	7560
370	1.000000000000000e+00	7560
371	1.000000000000000e+00	7560
372	1.000000000000000e+00	7560
373	1.000000000000000e+00	7560
374	1.000000000000000e+00	7560
375	1.000000000000000e+00	7560
376	1.000000000000000e+00	7560
377	1.000000000000000e+00	7560
378	1.000000000000000e+00	7560
379	1.000000000000000e+00	7560
380	1.000000000000000e+00	7560
381	1.000000000000000e+00	7560
382	1.000000000000000e+00	7560
383	1.000000000000000e+00	7560
384	1.000000000000000e+00	7560
385	1.000000000000000e+00	7560
386	1.000000000000000e+00	7560
387	1.000000000000000e+00	7560
388	1.000000000000000e+00	7560
389	1.000000000000000e+00	7560
390	1.000000000000000e+00	7560
391	1.000000000000000e+00	7560
392	1.000000000000000e+00	7560
393	1.000000000000000e+00	7560
394	1.000000000000000e+00	7560
395	1.000000000000000e+00	7560
396	1.000000000000000e+00	7560
397	1.000000000000000e+00	7560
398	1.000000000000000e+00	7560
399	1.000000000000000e+00	7560
400	1.000000000000000e+00	7560
401	1.000000000000000e+00	7560
402	1.000000000000000e+00	7560
403	1.000000000000000e+00	7560
404	1.000000000000000e+00	7560
405	1.000000000000000e+00	7560
406	1.000000000000000e+00	7560
407	1.000000000000000e+00	7560
408	1.000000000000000e+00	7560
409	1.000000000000000e+00	7560
410	1.000000000000000e+00	7560
411	1.000000000000000e+00	7560
412	1.000000000000000e+00	7560
413	1.000000000000000e+00	7560
414	1.000000000000000e+00	7560
415	1.000000000000000e+00	7560
416	1.000000000000000e+00	7560
417	1.000000000000000e+00	7560
418	1.000000000000000e+00	7560
419	1.000000000000000e+00	7560
420	1.000000000000000e+00	7560
421	1.000000000000000e+00	7560
422	1.000000000000000e+00	7560
423	1.000000000000000e+00	7560
424	1.000000000000000e+00	7560
425	1.000000000000000e+00	7560
426	1.000000000000000e+00	7560
427	1.000000000000000e+00	7560
428	1.000000000000000e+00	7560
429	1.000000000000000e+00	7560
430	1.000000000000000e+00	7560
431	1.000000000000000e+00	7560
432	1.000000000000000e+00	7560
433	1.000000000000000e+00	7560
434	1.000000000000000e+00	7560
435	1.000000000000000e+00	7560
436	1.000000000000000e+00	7560
437	1.000000000000000e+00	7560
438	1.000000000000000e+00	7560
439	1.000000000000000e+00	7560
440	1.000000000000000e+00	7560
441	1.000000000000000e+00	7560
442	1.000000000000000e+00	7560
443	1.000000000000000e+00	7560
444	1.000000000000000e+00	7560
445	1.000000000000000e+00	7560
446	1.000000000000000e+00	7560
447	1.000000000000000e+00	7560
448	1.000000000000000e+00	7560
449	1.000000000000000e+00	7560
450	1.000000000000000e+00	7560
451	1.000000000000000e+00	7560
452	1.000000000000000e+00	7560
453	1.000000000000000e+00	7560
454	1.000000000000000e+00	7560
455	1.000000000000000e+00	7560
456	1.000000000000000e+00	7560
457	1.000000000000000e+00	7560
458	1.000000000000000e+00	7560
459	1.000000000000000e+00	7560
460	1.000000000000000e+00	7560
461	1.000000000000000e+00	7560
462	1.000000000000000e+00	7560
463	1.000000000000000e+00	7560
464	1.000000000000000e+00	7560
465	1.000000000000000e+00	7560
466	1.000000000000000e+00	7560
467	1.000000000000000e+00	7560
468	1.000000000000000e+00	7560
469	1.000000000000000e+00	7560
470	1.000000000000000e+00	7560
471	1.000000000000000e+00	7560
472	1.000000000000000e+00	7560
473	1.000000000000000e+00	7560
474	1.000000000000000e+00	7560
475	1.000000000000000e+00	7560
476	1.000000000000000e+00	7560
477	1.000000000000000e+00	7560
478	1.000000000000000e+00	7560
479	1.000000000000000e+00	7560
480	1.000000000000000e+00	7560
481	1.000000000000000e+00	7560
482	1.000000000000000e+00	7560
483	1.000000000000000e+00	7560
484	1.000000000000000e+00	7560
485	1.000000000000000e+00	7560
486	1.000000000000000e+00	7560
487	1.000000000000000e+00	7560
488	1.000000000000000e+00	7560
489	1.000000000000000e+00	7560
490	1.000000000000000e+00	7560
491	9.500000000000003e-01	7200
492	9.000000000000002e-01	6840
493	8.490000000000002e-01	9360
494	8.000000000000002e-01	6120
495	7.500000000000001e-01	5760
496	7.000000000000001e-01	5400
497	6.500000000000000e-01	5040
498	6.000000000000000e-01	4680
499	5.499999999999999e-01	4320
500	4.999999999999999e-01	3960
501	5.499999999999999e-01	4320
502	6.000000000000000e-01	4680
503	6.500000000000000e-01	5040
504	7.000000000000001e-01	5400
505	7.500000000000001e-01	5760
506	8.000000000000002e-01	6120
507	8.500000000000002e-01	6480
508	9.000000000000002e-01	6840
509	9.500000000000003e-01	7200
510	9.000000000000002e-01	6840
511	8.500000000000002e-01	6480
512	8.000000000000002e-01	6120
513	7.500000000000001e-01	5760
514	8.000000000000002e-01	6120
515	8.500000000000002e-01	6480
516	9.000000000000002e-01	6840
517	9.500000000000003e-01	7200
518	1.000000000000000e+00	7560
519	1.000000000000000e+00	7560
520	1.000000000000000e+00	7560
521	1.000000000000000e+00	7560
522	1.000000000000000e+00	7560
523	1.000000000000000e+00	7560
524	1.000000000000000e+00	7560
525	1.000000000000000e+00	7560
526	1.000000000000000e+00	7560
527	1.000000000000000e+00	7560
528	1.000000000000000e+00	7560
529	1.000000000000000e+00	7560
530	1.000000000000000e+00	7560
531	1.000000000000000e+00	7560
532	1.000000000000000e+00	7560
533	1.000000000000000e+00	7560
534	1.000000000000000e+00	7560
535	1.000000000000000e+00	7560
536	1.000000000000000e+00	7560
537	1.000000000000000e+00	7560
538	1.000000000000000e+00	7560
539	1.000000000000000e+00	7560
540	1.000000000000000e+00	7560
541	1.000000000000000e+00	7560
542	1.000000000000000e+00	7560
543	1.000000000000000e+00	7560
544	1.000000000000000e+00	7560
545	1.000000000000000e+00	7560
546	1.000000000000000e+00	7560
547	1.000000000000000e+00	7560
548	1.000000000000000e+00	7560
549	1.000000000000000e+00	7560
550	1.000000000000000e+00	7560
551	1.000000000000000e+00	7560
552	1.000000000000000e+00	7560
553	1.000000000000000e+00	7560
554	1.000000000000000e+00	7560
555	1.000000000000000e+00	7560
556	1.000000000000000e+00	7560
557	1.000000000000000e+00	7560
558	1.000000000000000e+00	7560
559	1.000000000000000e+00	7560
560	1.000000000000000e+00	7560
561	1.000000000000000e+00	7560
562	1.000000000000000e+00	7560
563	1.000000000000000e+00	7560
564	1.000000000000000e+00	7560
565	1.000000000000000e+00	7560
566	1.000000000000000e+00	7560
567	1.000000000000000e+00	7560
568	1.000000000000000e+00	7560
569	1.000000000000000e+00	7560
570	1.000000000000000e+00	7560
571	1.000000000000000e+00	7560
572	1.000000000000000e+00	7560
573	1.000000000000000e+00	7560
574	1.000000000000000e+00	7560
575	1.000000000000000e+00	7560
576	1.000000000000000e+00	7560
577	1.000000000000000e+00	7560
578	1.000000000000000e+00	7560
579	1.000000000000000e+00	7560
580	1.000000000000000e+00	7560
581	1.000000000000000e+00	7560
582	1.000000000000000e+00	7560
583	1.000000000000000e+00	7560
584	1.000000000000000e+00	7560
585	1.000000000000000e+00	7560
586	1.000000000000000e+00	7560
587	1.000000000000000e+00	7560
588	1.000000000000000e+00	7560
589	1.000000000000000e+00	7560
590	1.000000000000000e+00	7560
591	1.000000000000000e+00	7560
592	1.000000000000000e+00	7560
593	1.000000000000000e+00	7560
594	1.000000000000000e+00	7560
595	1.000000000000000e+00	7560
596	1.000000000000000e+00	7560
597	1.000000000000000e+00	7560
598	1.000000000000000e+00	7560
599	1.000000000000000e+00	7560
600	1.000000000000000e+00	7560
601	1.000000000000000e+00	7560
602	1.000000000000000e+00	7560
603	1.000000000000000e+00	7560
604	1.000000000000000e+00	7560
605	1.000000000000000e+00	7560
606	1.000000000000000e+00	7560
607	1.000000000000000e+00	7560
608	1.000000000000000e+00	7560
609	1.000000000000000e+00	7560
610	1.000000000000000e+00	7560
611	1.000000000000000e+00	7560
612	1.000000000000000e+00	7560
613	1.000000000000000e+00	7560
614	1.000000000000000e+00	7560
615	1.000000000000000e+00	7560
616	1.000000000000000e+00	7560
617	1.000000000000000e+00	7560
618	1.000000000000000e+00	7560
619	1.000000000000000e+00	7560
620	1.000000000000000e+00	7560
621	1.000000000000000e+00	7560
622	1.000000000000000e+00	7560
623	1.000000000000000e+00	7560
624	1.000000000000000e+00	7560
625	1.000000000000000e+00	7560
626	1.000000000000000e+00	7560
627	1.000000000000000e+00	7560
628	1.000000000000000e+00	7560
629	1.000000000000000e+00	7560
630	1.000000000000000e+00	7560
631	1.000000000000000e+00	7560
632	1.000000000000000e+00	7560
633	1.000000000000000e+00	7560
634	1.000000000000000e+00	7560
635	1.000000000000000e+00	7560
636	1.000000000000000e+00	7560
637	1.000000000000000e+00	7560
638	1.000000000000000e+00	7560
639	1.000000000000000e+00	7560
640	1.000000000000000e+00	7560
641	1.000000000000000e+00	7560
642	1.000000000000000e+00	7560
643	1.000000000000000e+00	7560
644	1.000000000000000e+00	7560
645	1.000000000000000e+00	7560
646	1.000000000000000e+00	7560
647	1.000000000000000e+00	7560
648	1.000000000000000e+00	7560
649	1.000000000000000e+00	7560
650	1.000000000000000e+00	7560
651	1.000000000000000e+00	7560
652	1.000000000000000e+00	7560
653	1.000000000000000e+00	7560
654	1.000000000000000e+00	7560
655	1.000000000000000e+00	7560
656	1.000000000000000e+00	7560
657	1.000000000000000e+00	7560
658	1.000000000000000e+00	7560
659	1.000000000000000e+00	7560
660	1.000000000000000e+00	7560
661	1.000000000000000e+00	7560
662	1.000000000000000e+00	7560
663	1.000000000000000e+00	7560
664	1.000000000000000e+00	7560
665	1.000000000000000e+00	7560
666	1.000000000000000e+00	7560
667	1.000000000000000e+00	7560
668	1.000000000000000e+00	7560
669	1.000000000000000e+00	7560
670	1.000000000000000e+00	7560
671	1.000000000000000e+00	7560
672	1.000000000000000e+00	7560
673	1.000000000000000e+00	7560
674	1.000000000000000e+00	7560
675	1.000000000000000e+00	7560
676	1.000000000000000e+00	7560
677	1.000000000000000e+00	7560
678	1.000000000000000e+00	7560
679	1.000000000000000e+00	7560
680	1.000000000000000e+00	7560
681	1.000000000000000e+00	7560
682	1.000000000000000e+00	7560
683	1.000000000000000e+00	7560
684	1.000000000000000e+00	7560
685	1.000000000000000e+00	7560
686	1.000000000000000e+00	7560
687	1.000000000000000e+00	7560
688	1.000000000000000e+00	7560
689	1.000000000000000e+00	7560
690	1.000000000000000e+00	7560
691	1.000000000000000e+00	7560
692	1.000000000000000e+00	7560
693	1.000000000000000e+00	7560
694	1.000000000000000e+00	7560
695	1.000000000000000e+00	7560
696	1.000000000000000e+00	7560
697	1.000000000000000e+00	7560
698	1.000000000000000e+00	7560
699	1.000000000000000e+00	7560
700	1.000000000000000e+00	7560
701	1.000000000000000e+00	7560
702	1.000000000000000e+00	7560
703	1.000000000000000e+00	7560
704	1.000000000000000e+00	7560
705	1.000000000000000e+00	7560
706	1.000000000000000e+00	7560
707	1.000000000000000e+00	7560
708	1.000000000000000e+00	7560
709	1.000000000000000e+00	7560
710	1.000000000000000e+00	7560
711	1.000000000000000e+00	7560
712	1.000000000000000e+00	7560
713	1.000000000000000e+00	7560
714	1.000000000000000e+00	7560
715	1.000000000000000e+00	7560
716	1.000000000000000e+00	7560
717	1.000000000000000e+00	7560
718	1.000000000000000e+00	7560
719	1.000000000000000e+00	7560
720	1.000000000000000e+00	7560
721	1.000000000000000e+00	7560
722	1.000000000000000e+00	7560
723	1.000000000000000e+00	7560
724	1.000000000000000e+00	7560
725	1.000000000000000e+00	7560
726	1.000000000000000e+00	7560
727	1.000000000000000e+00	7560
728	1.000000000000000e+00	7560
729	1.000000000000000e+00	7560
730	1.000000000000000e+00	7560
731	1.000000000000000e+00	7560
732	1.000000000000000e+00	7560
733	1.000000000000000e+00	7560
734	1.000000000000000e+00	7560
735	1.000000000000000e+00	7560
736	1.000000000000000e+00	7560
737	1.000000000000000e+00	7560
738	1.000000000000000e+00	7560
739	1.000000000000000e+00	7560
740	1.000000000000000e+00	7560
741	1.000000000000000e+00	7560
742	1.000000000000000e+00	7560
743	1.000000000000000e+00	7560
744	1.000000000000000e+00	7560
745	1.000000000000000e+00	7560
746	1.000000000000000e+00	7560
747	1.000000000000000e+00	7560
748	1.000000000000000e+00	7560
749	1.000000000000000e+00	7560
750	1.000000000000000e+00	7560
751	1.000000000000000e+00	7560
752	1.000000000000000e+00	7560
753	1.000000000000000e+00	7560
754	1.000000000000000e+00	7560
755	1.000000000000000e+00	7560
756	1.000000000000000e+00	7560
757	1.000000000000000e+00	7560
758	1.000000000000000e+00	7560
759	1.000000000000000e+00	7560
760	1.000000000000000e+00	7560
761	1.000000000000000e+00	7560
762	1.000000000000000e+00	7560
763	1.000000000000000e+00	7560
764	1.000000000000000e+00	7560
765	1.000000000000000e+00	7560
766	1.000000000000000e+00	7560
767	1.000000000000000e+00	7560
768	1.000000000000000e+00	7560
769	1.000000000000000e+00	7560
770	1.000000000000000e+00	7560
771	1.000000000000000e+00	7560
772	1.000000000000000e+00	7560
773	1.000000000000000e+00	7560
774	1.000000000000000e+00	7560
775	1.000000000000000e+00	7560
776	1.000000000000000e+00	7560
777	1.000000000000000e+00	7560
778	1.000000000000000e+00	7560
779	1.000000000000000e+00	7560
780	1.000000000000000e+00	7560
781	1.000000000000000e+00	7560
782	1.000000000000000e+00	7560
783	1.000000000000000e+00	7560
784	1.000000000000000e+00	7560
785	1.000000000000000e+00	7560
786	1.000000000000000e+00	7560
787	1.000000000000000e+00	7560
788	1.000000000000000e+00	7560
789	1.000000000000000e+00	7560
790	1.000000000000000e+00	7560
791	1.000000000000000e+00	7560
792	1.000000000000000e+00	7560
793	1.000000000000000e+00	7560
794	1.000000000000000e+00	7560
795	1.000000000000000e+00	7560
796	1.000000000000000e+00	7560
797	1.000000000000000e+00	7560
798	1.000000000000000e+00	7560
799	1.000000000000000e+00	7560
800	1.000000000000000e+00	7560
801	1.000000000000000e+00	7560
802	1.000000000000000e+00	7560
803	1.000000000000000e+00	7560
804	1.000000000000000e+00	7560
805	1.000000000000000e+00	7560
806	1.000000000000000e+00	7560
807	1.000000000000000e+00	7560
808	1.000000000000000e+00	7560
809	1.000000000000000e+00	7560
810	1.000000000000000e+00	7560
811	1.000000000000000e+00	7560
812	1.000000000000000e+00	7560
813	1.000000000000000e+00	7560
814	1.000000000000000e+00	7560
815	1.000000000000000e+00	7560
816	1.000000000000000e+00	7560
817	1.000000000000000e+00	7560
818	1.000000000000000e+00	7560
819	1.000000000000000e+00	7560
820	1.000000000000000e+00	7560
821	1.000000000000000e+00	7560
822	1.000000000000000e+00	7560
823	1.000000000000000e+00	7560
824	1.000000000000000e+00	7560
825	1.000000000000000e+00	7560
826	1.000000000000000e+00	7560
827	1.000000000000000e+00	7560
828	1.000000000000000e+00	7560
829	1.000000000000000e+00	7560
830	1.000000000000000e+00	7560
831	1.000000000000000e+00	7560
832	1.000000000000000e+00	7560
833	1.000000000000000e+00	7560
834	1.000000000000000e+00	7560
835	1.000000000000000e+00	7560
836	1.000000000000000e+00	7560
837	1.000000000000000e+00	7560
838	1.000000000000000e+00	7560
839	1.000000000000000e+00	7560
840	1.000000000000000e+00	7560
841	1.000000000000000e+00	7560
842	1.000000000000000e+00	7560
843	1.000000000000000e+00	7560
844	1.000000000000000e+00	7560
845	1.000000000000000e+00	7560
846	1.000000000000000e+00	7560
847	1.000000000000000e+00	7560
848	1.000000000000000e+00	7560
849	1.000000000000000e+00	7560
850	1.000000000000000e+00	7560
851	1.000000000000000e+00	7560
852	1.000000000000000e+00	7560
853	1.000000000000000e+00	7560
854	1.000000000000000e+00	7560
855	1.000000000000000e+00	7560
856	1.000000000000000e+00	7560
857	1.000000000000000e+00	7560
858	1.000000000000000e+00	7560
859	1.000000000000000e+00	7560
860	1.000000000000000e+00	7560
861	1.000000000000000e+00	7560
862	1.000000000000000e+00	7560
863	1.000000000000000e+00	7560
864	1.000000000000000e+00	7560
865	1.000000000000000e+00	7560
866	1.000000000000000e+00	7560
867	1.000000000000000e+00	7560
868	1.000000000000000e+00	7560
869	1.000000000000000e+00	7560
870	1.000000000000000e+00	7560
871	1.000000000000000e+00	7560
872	1.000000000000000e+00	7560
873	1.000000000000000e+00	7560
874	1.000000000000000e+00	7560
875	1.000000000000000e+00	7560
876	1.000000000000000e+00	7560
877	1.000000000000000e+00	7560
878	1.000000000000000e+00	7560
879	1.000000000000000e+00	7560
880	1.000000000000000e+00	7560
881	1.000000000000000e+00	7560
882	1.000000000000000e+00	7560
883	1.000000000000000e+00	7560
884	1.000000000000000e+00	7560
885	1.000000000000000e+00	7560
886	1.000000000000000e+00	7560
887	1.000000000000000e+00	7560
888	1.000000000000000e+00	7560
889	1.000000000000000e+00	7560
890	1.000000000000000e+00	7560
891	1.000000000000000e+00	7560
892	1.000000000000000e+00	7560
893	1.000000000000000e+00	7560
894	1.000000000000000e+00	7560
895	1.000000000000000e+00	7560
896	1.000000000000000e+00	7560
897	1.000000000000000e+00	7560
898	1.000000000000000e+00	7560
899	1.000000000000000e+00	7560
900	1.000000000000000e+00	7560
901	1.000000000000000e+00	7560
902	1.000000000000000e+00	7560
903	1.000000000000000e+00	7560
904	1.000000000000000e+00	7560
905	1.000000000000000e+00	7560
906	1.000000000000000e+00	7560
907	1.000000000000000e+00	7560
908	1.000000000000000e+00	7560
909	1.000000000000000e+00	7560
910	1.000000000000000e+00	7560
911	1.000000000000000e+00	7560
912	1.000000000000000e+00	7560
913	1.000000000000000e+00	7560
914	1.000000000000000e+00	7560
915	1.000000000000000e+00	7560
916	1.000000000000000e+00	7560
917	1.000000000000000e+00	7560
918	1.000000000000000e+00	7560
919	1.000000000000000e+00	7560
920	1.000000000000000e+00	7560
921	1.000000000000000e+00	7560
922	1.000000000000000e+00	7560
923	1.000000000000000e+00	7560
924	1.000000000000000e+00	7560
925	1.000000000000000e+00	7560
926	1.000000000000000e+00	7560
927	1.000000000000000e+00	7560
928	1.000000000000000e+00	7560
929	1.000000000000000e+00	7560
930	1.000000000000000e+00	7560
931	1.000000000000000e+00	7560
932	1.000000000000000e+00	7560
933	1.000000000000000e+00	7560
934	1.000000000000000e+00	7560
935	1.000000000000000e+00	7560
936	1.000000000000000e+00	7560
937	1.000000000000000e+00	7560
938	1.000000000000000e+00	7560
939	1.000000000000000e+00	7560
940	1.000000000000000e+00	7560
941	1.000000000000000e+00	7560
942	1.000000000000000e+00	7560
943	1.000000000000000e+00	7560
944	1.000000000000000e+00	7560
945	1.000000000000000e+00	7560
946	1.000000000000000e+00	7560
947	1.000000000000000e+00	7560
948	1.000000000000000e+00	7560
949	1.000000000000000e+00	7560
950	1.000000000000000e+00	7560
951	1.000000000000000e+00	7560
952	1.000000000000000e+00	7560
953	1.000000000000000e+00	7560
954	1.000000000000000e+00	7560
955	1.000000000000000e+00	7560
956	1.000000000000000e+00	7560
957	1.000000000000000e+00	7560
958	1.000000000000000e+00	7560
959	1.000000000000000e+00	7560
960	1.000000000000000e+00	7560
961	1.000000000000000e+00	7560
962	1.000000000000000e+00	7560
963	1.000000000000000e+00	7560
964	1.000000000000000e+00	7560
965	1.000000000000000e+00	7560
966	1.000000000000000e+00	7560
967	1.000000000000000e+00	7560
968	1.000000000000000e+00	7560
969	1.000000000000000e+00	7560
970	1.000000000000000e+00	7560
971	1.000000000000000e+00	7560
972	1.000000000000000e+00	7560
973	1.000000000000000e+00	7560
974	1.000000000000000e+00	7560
975	1.000000000000000e+00	7560
976	1.000000000000000e+00	7560
977	1.000000000000000e+00	7560
978	1.000000000000000e+00	7560
979	1.000000000000000e+00	7560
980	1.000000000000000e+00	7560
981	1.000000000000000e+00	7560
982	1.000000000000000e+00	7560
983	1.000000000000000e+00	7560
984	1.000000000000000e+00	7560
985	1.000000000000000e+00	7560
986	1.000000000000000e+00	7560
987	1.000000000000000e+00	7560
988	1.000000000000000e+00	7560
989	1.000000000000000e+00	7560
990	1.000000000000000e+00	7560
991	1.000000000000000e+00	7560
992	1.000000000000000e+00	7560
993	1.000000000000000e+00	7560
994	1.000000000000000e+00	7560
995	1.000000000000000e+00	7560
996	1.000000000000000e+00	7560
997	1.000000000000000e+00	7560
998	1.000000000000000e+00	7560
999	1.000000000000000e+00	7560
1000	1.000000000000000e+00	7560


Tempo gasto: 12.332933
