Método usado: C-GRASP

POSIÇÃO	ÁREA(mm²)	CUSTO

1	1.000000000000000e+00	17451
2	1.000000000000000e+00	17451
3	1.000000000000000e+00	17451
4	1.000000000000000e+00	17451
5	1.000000000000000e+00	17451
6	1.000000000000000e+00	17451
7	1.000000000000000e+00	17451
8	1.000000000000000e+00	17451
9	1.000000000000000e+00	17451
10	1.000000000000000e+00	17451
11	1.000000000000000e+00	17451
12	1.000000000000000e+00	17451
13	1.000000000000000e+00	17451
14	1.000000000000000e+00	17451
15	1.000000000000000e+00	17451
16	1.000000000000000e+00	17451
17	1.000000000000000e+00	17451
18	1.000000000000000e+00	17451
19	1.000000000000000e+00	17451
20	1.000000000000000e+00	17451
21	1.000000000000000e+00	17451
22	1.000000000000000e+00	17451
23	1.000000000000000e+00	17451
24	1.000000000000000e+00	17451
25	1.000000000000000e+00	17451
26	1.000000000000000e+00	17451
27	1.000000000000000e+00	17451
28	1.000000000000000e+00	17451
29	1.000000000000000e+00	17451
30	1.000000000000000e+00	17451
31	1.000000000000000e+00	17451
32	1.000000000000000e+00	17451
33	1.000000000000000e+00	17451
34	1.000000000000000e+00	17451
35	1.000000000000000e+00	17451
36	1.000000000000000e+00	17451
37	1.000000000000000e+00	17451
38	1.000000000000000e+00	17451
39	1.000000000000000e+00	17451
40	1.000000000000000e+00	17451
41	1.000000000000000e+00	17451
42	1.000000000000000e+00	17451
43	1.000000000000000e+00	17451
44	1.000000000000000e+00	17451
45	1.000000000000000e+00	17451
46	1.000000000000000e+00	17451
47	1.000000000000000e+00	17451
48	1.000000000000000e+00	17451
49	1.000000000000000e+00	17451
50	1.000000000000000e+00	17451
51	1.000000000000000e+00	17451
52	1.000000000000000e+00	17451
53	1.000000000000000e+00	17451
54	1.000000000000000e+00	17451
55	1.000000000000000e+00	17451
56	1.000000000000000e+00	17451
57	1.000000000000000e+00	17451
58	1.000000000000000e+00	17451
59	1.000000000000000e+00	17451
60	1.000000000000000e+00	17451
61	1.000000000000000e+00	17451
62	1.000000000000000e+00	17451
63	1.000000000000000e+00	17451
64	1.000000000000000e+00	17451
65	1.000000000000000e+00	17451
66	1.000000000000000e+00	17451
67	1.000000000000000e+00	17451
68	1.000000000000000e+00	17451
69	1.000000000000000e+00	17451
70	1.000000000000000e+00	17451
71	1.000000000000000e+00	17451
72	1.000000000000000e+00	17451
73	1.000000000000000e+00	17451
74	1.000000000000000e+00	17451
75	1.000000000000000e+00	17451
76	1.000000000000000e+00	17451
77	1.000000000000000e+00	17451
78	1.000000000000000e+00	17451
79	1.000000000000000e+00	17451
80	1.000000000000000e+00	17451
81	1.000000000000000e+00	17451
82	1.000000000000000e+00	17451
83	1.000000000000000e+00	17451
84	1.000000000000000e+00	17451
85	1.000000000000000e+00	17451
86	1.000000000000000e+00	17451
87	1.000000000000000e+00	17451
88	1.000000000000000e+00	17451
89	1.000000000000000e+00	17451
90	1.000000000000000e+00	17451
91	1.000000000000000e+00	17451
92	1.000000000000000e+00	17451
93	1.000000000000000e+00	17451
94	1.000000000000000e+00	17451
95	1.000000000000000e+00	17451
96	1.000000000000000e+00	17451
97	1.000000000000000e+00	17451
98	1.000000000000000e+00	17451
99	1.000000000000000e+00	17451
100	1.000000000000000e+00	17451
101	1.000000000000000e+00	17451
102	1.000000000000000e+00	17451
103	1.000000000000000e+00	17451
104	1.000000000000000e+00	17451
105	1.000000000000000e+00	17451
106	1.000000000000000e+00	17451
107	1.000000000000000e+00	17451
108	1.000000000000000e+00	17451
109	1.000000000000000e+00	17451
110	1.000000000000000e+00	17451
111	1.000000000000000e+00	17451
112	1.000000000000000e+00	17451
113	1.000000000000000e+00	17451
114	1.000000000000000e+00	17451
115	1.000000000000000e+00	17451
116	1.000000000000000e+00	17451
117	1.000000000000000e+00	17451
118	1.000000000000000e+00	17451
119	1.000000000000000e+00	17451
120	1.000000000000000e+00	17451
121	1.000000000000000e+00	17451
122	1.000000000000000e+00	17451
123	1.000000000000000e+00	17451
124	1.000000000000000e+00	17451
125	1.000000000000000e+00	17451
126	1.000000000000000e+00	17451
127	1.000000000000000e+00	17451
128	1.000000000000000e+00	17451
129	1.000000000000000e+00	17451
130	1.000000000000000e+00	17451
131	1.000000000000000e+00	17451
132	1.000000000000000e+00	17451
133	1.000000000000000e+00	17451
134	1.000000000000000e+00	17451
135	1.000000000000000e+00	17451
136	1.000000000000000e+00	17451
137	1.000000000000000e+00	17451
138	1.000000000000000e+00	17451
139	1.000000000000000e+00	17451
140	1.000000000000000e+00	17451
141	1.000000000000000e+00	17451
142	1.000000000000000e+00	17451
143	1.000000000000000e+00	17451
144	1.000000000000000e+00	17451
145	1.000000000000000e+00	17451
146	1.000000000000000e+00	17451
147	1.000000000000000e+00	17451
148	1.000000000000000e+00	17451
149	1.000000000000000e+00	17451
150	1.000000000000000e+00	17451
151	1.000000000000000e+00	17451
152	1.000000000000000e+00	17451
153	1.000000000000000e+00	17451
154	1.000000000000000e+00	17451
155	1.000000000000000e+00	17451
156	1.000000000000000e+00	17451
157	1.000000000000000e+00	17451
158	1.000000000000000e+00	17451
159	1.000000000000000e+00	17451
160	1.000000000000000e+00	17451
161	1.000000000000000e+00	17451
162	1.000000000000000e+00	17451
163	1.000000000000000e+00	17451
164	1.000000000000000e+00	17451
165	1.000000000000000e+00	17451
166	1.000000000000000e+00	17451
167	1.000000000000000e+00	17451
168	1.000000000000000e+00	17451
169	1.000000000000000e+00	17451
170	1.000000000000000e+00	17451
171	1.000000000000000e+00	17451
172	1.000000000000000e+00	17451
173	1.000000000000000e+00	17451
174	1.000000000000000e+00	17451
175	1.000000000000000e+00	17451
176	1.000000000000000e+00	17451
177	1.000000000000000e+00	17451
178	1.000000000000000e+00	17451
179	1.000000000000000e+00	17451
180	1.000000000000000e+00	17451
181	1.000000000000000e+00	17451
182	1.000000000000000e+00	17451
183	1.000000000000000e+00	17451
184	1.000000000000000e+00	17451
185	1.000000000000000e+00	17451
186	1.000000000000000e+00	17451
187	1.000000000000000e+00	17451
188	1.000000000000000e+00	17451
189	1.000000000000000e+00	17451
190	1.000000000000000e+00	17451
191	1.000000000000000e+00	17451
192	1.000000000000000e+00	17451
193	1.000000000000000e+00	17451
194	1.000000000000000e+00	17451
195	1.000000000000000e+00	17451
196	1.000000000000000e+00	17451
197	1.000000000000000e+00	17451
198	1.000000000000000e+00	17451
199	1.000000000000000e+00	17451
200	1.000000000000000e+00	17451
201	1.000000000000000e+00	17451
202	1.000000000000000e+00	17451
203	1.000000000000000e+00	17451
204	1.000000000000000e+00	17451
205	1.000000000000000e+00	17451
206	1.000000000000000e+00	17451
207	1.000000000000000e+00	17451
208	1.000000000000000e+00	17451
209	1.000000000000000e+00	17451
210	1.000000000000000e+00	17451
211	1.000000000000000e+00	17451
212	1.000000000000000e+00	17451
213	1.000000000000000e+00	17451
214	1.000000000000000e+00	17451
215	1.000000000000000e+00	17451
216	1.000000000000000e+00	17451
217	1.000000000000000e+00	17451
218	1.000000000000000e+00	17451
219	1.000000000000000e+00	17451
220	1.000000000000000e+00	17451
221	1.000000000000000e+00	17451
222	1.000000000000000e+00	17451
223	1.000000000000000e+00	17451
224	1.000000000000000e+00	17451
225	1.000000000000000e+00	17451
226	1.000000000000000e+00	17451
227	1.000000000000000e+00	17451
228	1.000000000000000e+00	17451
229	1.000000000000000e+00	17451
230	1.000000000000000e+00	17451
231	1.000000000000000e+00	17451
232	1.000000000000000e+00	17451
233	1.000000000000000e+00	17451
234	1.000000000000000e+00	17451
235	1.000000000000000e+00	17451
236	1.000000000000000e+00	17451
237	1.000000000000000e+00	17451
238	1.000000000000000e+00	17451
239	1.000000000000000e+00	17451
240	1.000000000000000e+00	17451
241	1.000000000000000e+00	17451
242	1.000000000000000e+00	17451
243	1.000000000000000e+00	17451
244	1.000000000000000e+00	17451
245	1.000000000000000e+00	17451
246	1.000000000000000e+00	17451
247	1.000000000000000e+00	17451
248	1.000000000000000e+00	17451
249	1.000000000000000e+00	17451
250	1.000000000000000e+00	17451
251	1.000000000000000e+00	17451
252	1.000000000000000e+00	17451
253	1.000000000000000e+00	17451
254	1.000000000000000e+00	17451
255	1.000000000000000e+00	17451
256	1.000000000000000e+00	17451
257	1.000000000000000e+00	17451
258	1.000000000000000e+00	17451
259	1.000000000000000e+00	17451
260	1.000000000000000e+00	17451
261	1.000000000000000e+00	17451
262	1.000000000000000e+00	17451
263	1.000000000000000e+00	17451
264	1.000000000000000e+00	17451
265	1.000000000000000e+00	17451
266	1.000000000000000e+00	17451
267	1.000000000000000e+00	17451
268	1.000000000000000e+00	17451
269	1.000000000000000e+00	17451
270	1.000000000000000e+00	17451
271	1.000000000000000e+00	17451
272	1.000000000000000e+00	17451
273	1.000000000000000e+00	17451
274	1.000000000000000e+00	17451
275	1.000000000000000e+00	17451
276	1.000000000000000e+00	17451
277	1.000000000000000e+00	17451
278	1.000000000000000e+00	17451
279	1.000000000000000e+00	17451
280	1.000000000000000e+00	17451
281	1.000000000000000e+00	17451
282	1.000000000000000e+00	17451
283	1.000000000000000e+00	17451
284	1.000000000000000e+00	17451
285	1.000000000000000e+00	17451
286	1.000000000000000e+00	17451
287	1.000000000000000e+00	17451
288	1.000000000000000e+00	17451
289	1.000000000000000e+00	17451
290	1.000000000000000e+00	17451
291	1.000000000000000e+00	17451
292	1.000000000000000e+00	17451
293	1.000000000000000e+00	17451
294	1.000000000000000e+00	17451
295	1.000000000000000e+00	17451
296	1.000000000000000e+00	17451
297	1.000000000000000e+00	17451
298	1.000000000000000e+00	17451
299	1.000000000000000e+00	17451
300	1.000000000000000e+00	17451
301	1.000000000000000e+00	17451
302	1.000000000000000e+00	17451
303	1.000000000000000e+00	17451
304	1.000000000000000e+00	17451
305	1.000000000000000e+00	17451
306	1.000000000000000e+00	17451
307	1.000000000000000e+00	17451
308	1.000000000000000e+00	17451
309	1.000000000000000e+00	17451
310	1.000000000000000e+00	17451
311	1.000000000000000e+00	17451
312	1.000000000000000e+00	17451
313	1.000000000000000e+00	17451
314	1.000000000000000e+00	17451
315	1.000000000000000e+00	17451
316	1.000000000000000e+00	17451
317	1.000000000000000e+00	17451
318	1.000000000000000e+00	17451
319	1.000000000000000e+00	17451
320	1.000000000000000e+00	17451
321	1.000000000000000e+00	17451
322	1.000000000000000e+00	17451
323	1.000000000000000e+00	17451
324	1.000000000000000e+00	17451
325	1.000000000000000e+00	17451
326	1.000000000000000e+00	17451
327	1.000000000000000e+00	17451
328	1.000000000000000e+00	17451
329	1.000000000000000e+00	17451
330	1.000000000000000e+00	17451
331	1.000000000000000e+00	17451
332	1.000000000000000e+00	17451
333	1.000000000000000e+00	17451
334	1.000000000000000e+00	17451
335	1.000000000000000e+00	17451
336	1.000000000000000e+00	17451
337	1.000000000000000e+00	17451
338	1.000000000000000e+00	17451
339	1.000000000000000e+00	17451
340	1.000000000000000e+00	17451
341	1.000000000000000e+00	17451
342	1.000000000000000e+00	17451
343	1.000000000000000e+00	17451
344	1.000000000000000e+00	17451
345	1.000000000000000e+00	17451
346	1.000000000000000e+00	17451
347	1.000000000000000e+00	17451
348	1.000000000000000e+00	17451
349	1.000000000000000e+00	17451
350	1.000000000000000e+00	17451
351	1.000000000000000e+00	17451
352	1.000000000000000e+00	17451
353	1.000000000000000e+00	17451
354	1.000000000000000e+00	17451
355	1.000000000000000e+00	17451
356	1.000000000000000e+00	17451
357	1.000000000000000e+00	17451
358	1.000000000000000e+00	17451
359	1.000000000000000e+00	17451
360	1.000000000000000e+00	17451
361	1.000000000000000e+00	17451
362	1.000000000000000e+00	17451
363	1.000000000000000e+00	17451
364	1.000000000000000e+00	17451
365	1.000000000000000e+00	17451
366	1.000000000000000e+00	17451
367	1.000000000000000e+00	17451
368	1.000000000000000e+00	17451
369	1.000000000000000e+00	17451
370	1.000000000000000e+00	17451
371	1.000000000000000e+00	17451
372	1.000000000000000e+00	17451
373	1.000000000000000e+00	17451
374	1.000000000000000e+00	17451
375	1.000000000000000e+00	17451
376	1.000000000000000e+00	17451
377	1.000000000000000e+00	17451
378	1.000000000000000e+00	17451
379	1.000000000000000e+00	17451
380	1.000000000000000e+00	17451
381	1.000000000000000e+00	17451
382	1.000000000000000e+00	17451
383	1.000000000000000e+00	17451
384	1.000000000000000e+00	17451
385	1.000000000000000e+00	17451
386	1.000000000000000e+00	17451
387	1.000000000000000e+00	17451
388	1.000000000000000e+00	17451
389	1.000000000000000e+00	17451
390	1.000000000000000e+00	17451
391	1.000000000000000e+00	17451
392	1.000000000000000e+00	17451
393	1.000000000000000e+00	17451
394	1.000000000000000e+00	17451
395	1.000000000000000e+00	17451
396	1.000000000000000e+00	17451
397	1.000000000000000e+00	17451
398	1.000000000000000e+00	17451
399	1.000000000000000e+00	17451
400	1.000000000000000e+00	17451
401	1.000000000000000e+00	17451
402	1.000000000000000e+00	17451
403	1.000000000000000e+00	17451
404	1.000000000000000e+00	17451
405	1.000000000000000e+00	17451
406	1.000000000000000e+00	17451
407	1.000000000000000e+00	17451
408	1.000000000000000e+00	17451
409	1.000000000000000e+00	17451
410	1.000000000000000e+00	17451
411	1.000000000000000e+00	17451
412	1.000000000000000e+00	17451
413	1.000000000000000e+00	17451
414	1.000000000000000e+00	17451
415	1.000000000000000e+00	17451
416	1.000000000000000e+00	17451
417	1.000000000000000e+00	17451
418	1.000000000000000e+00	17451
419	1.000000000000000e+00	17451
420	1.000000000000000e+00	17451
421	1.000000000000000e+00	17451
422	1.000000000000000e+00	17451
423	1.000000000000000e+00	17451
424	1.000000000000000e+00	17451
425	1.000000000000000e+00	17451
426	1.000000000000000e+00	17451
427	1.000000000000000e+00	17451
428	1.000000000000000e+00	17451
429	1.000000000000000e+00	17451
430	1.000000000000000e+00	17451
431	1.000000000000000e+00	17451
432	1.000000000000000e+00	17451
433	1.000000000000000e+00	17451
434	1.000000000000000e+00	17451
435	1.000000000000000e+00	17451
436	1.000000000000000e+00	17451
437	1.000000000000000e+00	17451
438	1.000000000000000e+00	17451
439	1.000000000000000e+00	17451
440	1.000000000000000e+00	17451
441	1.000000000000000e+00	17451
442	1.000000000000000e+00	17451
443	1.000000000000000e+00	17451
444	1.000000000000000e+00	17451
445	1.000000000000000e+00	17451
446	1.000000000000000e+00	17451
447	1.000000000000000e+00	17451
448	1.000000000000000e+00	17451
449	1.000000000000000e+00	17451
450	1.000000000000000e+00	17451
451	1.000000000000000e+00	17451
452	1.000000000000000e+00	17451
453	1.000000000000000e+00	17451
454	1.000000000000000e+00	17451
455	1.000000000000000e+00	17451
456	1.000000000000000e+00	17451
457	1.000000000000000e+00	17451
458	1.000000000000000e+00	17451
459	1.000000000000000e+00	17451
460	1.000000000000000e+00	17451
461	1.000000000000000e+00	17451
462	1.000000000000000e+00	17451
463	1.000000000000000e+00	17451
464	1.000000000000000e+00	17451
465	1.000000000000000e+00	17451
466	1.000000000000000e+00	17451
467	1.000000000000000e+00	17451
468	1.000000000000000e+00	17451
469	1.000000000000000e+00	17451
470	1.000000000000000e+00	17451
471	1.000000000000000e+00	17451
472	1.000000000000000e+00	17451
473	1.000000000000000e+00	17451
474	1.000000000000000e+00	17451
475	1.000000000000000e+00	17451
476	1.000000000000000e+00	17451
477	1.000000000000000e+00	17451
478	1.000000000000000e+00	17451
479	1.000000000000000e+00	17451
480	1.000000000000000e+00	17451
481	1.000000000000000e+00	17451
482	1.000000000000000e+00	17451
483	1.000000000000000e+00	17451
484	1.000000000000000e+00	17451
485	1.000000000000000e+00	17451
486	1.000000000000000e+00	17451
487	1.000000000000000e+00	17451
488	1.000000000000000e+00	17451
489	1.000000000000000e+00	17451
490	1.000000000000000e+00	17451
491	9.500000000000003e-01	16620
492	9.000000000000002e-01	15789
493	8.490000000000002e-01	21606
494	8.000000000000002e-01	14127
495	7.500000000000001e-01	13296
496	7.000000000000001e-01	12465
497	6.500000000000000e-01	11634
498	6.000000000000000e-01	10803
499	5.499999999999999e-01	9972
500	4.999999999999999e-01	9141
501	5.499999999999999e-01	9972
502	6.000000000000000e-01	10803
503	6.500000000000000e-01	11634
504	7.000000000000001e-01	12465
505	7.500000000000001e-01	13296
506	8.000000000000002e-01	14127
507	8.500000000000002e-01	14958
508	9.000000000000002e-01	15789
509	9.500000000000003e-01	16620
510	9.000000000000002e-01	15789
511	8.500000000000002e-01	14958
512	8.000000000000002e-01	14127
513	7.500000000000001e-01	13296
514	8.000000000000002e-01	14127
515	8.500000000000002e-01	14958
516	9.000000000000002e-01	15789
517	9.500000000000003e-01	16620
518	1.000000000000000e+00	17451
519	1.000000000000000e+00	17451
520	1.000000000000000e+00	17451
521	1.000000000000000e+00	17451
522	1.000000000000000e+00	17451
523	1.000000000000000e+00	17451
524	1.000000000000000e+00	17451
525	1.000000000000000e+00	17451
526	1.000000000000000e+00	17451
527	1.000000000000000e+00	17451
528	1.000000000000000e+00	17451
529	1.000000000000000e+00	17451
530	1.000000000000000e+00	17451
531	1.000000000000000e+00	17451
532	1.000000000000000e+00	17451
533	1.000000000000000e+00	17451
534	1.000000000000000e+00	17451
535	1.000000000000000e+00	17451
536	1.000000000000000e+00	17451
537	1.000000000000000e+00	17451
538	1.000000000000000e+00	17451
539	1.000000000000000e+00	17451
540	1.000000000000000e+00	17451
541	1.000000000000000e+00	17451
542	1.000000000000000e+00	17451
543	1.000000000000000e+00	17451
544	1.000000000000000e+00	17451
545	1.000000000000000e+00	17451
546	1.000000000000000e+00	17451
547	1.000000000000000e+00	17451
548	1.000000000000000e+00	17451
549	1.000000000000000e+00	17451
550	1.000000000000000e+00	17451
551	1.000000000000000e+00	17451
552	1.000000000000000e+00	17451
553	1.000000000000000e+00	17451
554	1.000000000000000e+00	17451
555	1.000000000000000e+00	17451
556	1.000000000000000e+00	17451
557	1.000000000000000e+00	17451
558	1.000000000000000e+00	17451
559	1.000000000000000e+00	17451
560	1.000000000000000e+00	17451
561	1.000000000000000e+00	17451
562	1.000000000000000e+00	17451
563	1.000000000000000e+00	17451
564	1.000000000000000e+00	17451
565	1.000000000000000e+00	17451
566	1.000000000000000e+00	17451
567	1.000000000000000e+00	17451
568	1.000000000000000e+00	17451
569	1.000000000000000e+00	17451
570	1.000000000000000e+00	17451
571	1.000000000000000e+00	17451
572	1.000000000000000e+00	17451
573	1.000000000000000e+00	17451
574	1.000000000000000e+00	17451
575	1.000000000000000e+00	17451
576	1.000000000000000e+00	17451
577	1.000000000000000e+00	17451
578	1.000000000000000e+00	17451
579	1.000000000000000e+00	17451
580	1.000000000000000e+00	17451
581	1.000000000000000e+00	17451
582	1.000000000000000e+00	17451
583	1.000000000000000e+00	17451
584	1.000000000000000e+00	17451
585	1.000000000000000e+00	17451
586	1.000000000000000e+00	17451
587	1.000000000000000e+00	17451
588	1.000000000000000e+00	17451
589	1.000000000000000e+00	17451
590	1.000000000000000e+00	17451
591	1.000000000000000e+00	17451
592	1.000000000000000e+00	17451
593	1.000000000000000e+00	17451
594	1.000000000000000e+00	17451
595	1.000000000000000e+00	17451
596	1.000000000000000e+00	17451
597	1.000000000000000e+00	17451
598	1.000000000000000e+00	17451
599	1.000000000000000e+00	17451
600	1.000000000000000e+00	17451
601	1.000000000000000e+00	17451
602	1.000000000000000e+00	17451
603	1.000000000000000e+00	17451
604	1.000000000000000e+00	17451
605	1.000000000000000e+00	17451
606	1.000000000000000e+00	17451
607	1.000000000000000e+00	17451
608	1.000000000000000e+00	17451
609	1.000000000000000e+00	17451
610	1.000000000000000e+00	17451
611	1.000000000000000e+00	17451
612	1.000000000000000e+00	17451
613	1.000000000000000e+00	17451
614	1.000000000000000e+00	17451
615	1.000000000000000e+00	17451
616	1.000000000000000e+00	17451
617	1.000000000000000e+00	17451
618	1.000000000000000e+00	17451
619	1.000000000000000e+00	17451
620	1.000000000000000e+00	17451
621	1.000000000000000e+00	17451
622	1.000000000000000e+00	17451
623	1.000000000000000e+00	17451
624	1.000000000000000e+00	17451
625	1.000000000000000e+00	17451
626	1.000000000000000e+00	17451
627	1.000000000000000e+00	17451
628	1.000000000000000e+00	17451
629	1.000000000000000e+00	17451
630	1.000000000000000e+00	17451
631	1.000000000000000e+00	17451
632	1.000000000000000e+00	17451
633	1.000000000000000e+00	17451
634	1.000000000000000e+00	17451
635	1.000000000000000e+00	17451
636	1.000000000000000e+00	17451
637	1.000000000000000e+00	17451
638	1.000000000000000e+00	17451
639	1.000000000000000e+00	17451
640	1.000000000000000e+00	17451
641	1.000000000000000e+00	17451
642	1.000000000000000e+00	17451
643	1.000000000000000e+00	17451
644	1.000000000000000e+00	17451
645	1.000000000000000e+00	17451
646	1.000000000000000e+00	17451
647	1.000000000000000e+00	17451
648	1.000000000000000e+00	17451
649	1.000000000000000e+00	17451
650	1.000000000000000e+00	17451
651	1.000000000000000e+00	17451
652	1.000000000000000e+00	17451
653	1.000000000000000e+00	17451
654	1.000000000000000e+00	17451
655	1.000000000000000e+00	17451
656	1.000000000000000e+00	17451
657	1.000000000000000e+00	17451
658	1.000000000000000e+00	17451
659	1.000000000000000e+00	17451
660	1.000000000000000e+00	17451
661	1.000000000000000e+00	17451
662	1.000000000000000e+00	17451
663	1.000000000000000e+00	17451
664	1.000000000000000e+00	17451
665	1.000000000000000e+00	17451
666	1.000000000000000e+00	17451
667	1.000000000000000e+00	17451
668	1.000000000000000e+00	17451
669	1.000000000000000e+00	17451
670	1.000000000000000e+00	17451
671	1.000000000000000e+00	17451
672	1.000000000000000e+00	17451
673	1.000000000000000e+00	17451
674	1.000000000000000e+00	17451
675	1.000000000000000e+00	17451
676	1.000000000000000e+00	17451
677	1.000000000000000e+00	17451
678	1.000000000000000e+00	17451
679	1.000000000000000e+00	17451
680	1.000000000000000e+00	17451
681	1.000000000000000e+00	17451
682	1.000000000000000e+00	17451
683	1.000000000000000e+00	17451
684	1.000000000000000e+00	17451
685	1.000000000000000e+00	17451
686	1.000000000000000e+00	17451
687	1.000000000000000e+00	17451
688	1.000000000000000e+00	17451
689	1.000000000000000e+00	17451
690	1.000000000000000e+00	17451
691	1.000000000000000e+00	17451
692	1.000000000000000e+00	17451
693	1.000000000000000e+00	17451
694	1.000000000000000e+00	17451
695	1.000000000000000e+00	17451
696	1.000000000000000e+00	17451
697	1.000000000000000e+00	17451
698	1.000000000000000e+00	17451
699	1.000000000000000e+00	17451
700	1.000000000000000e+00	17451
701	1.000000000000000e+00	17451
702	1.000000000000000e+00	17451
703	1.000000000000000e+00	17451
704	1.000000000000000e+00	17451
705	1.000000000000000e+00	17451
706	1.000000000000000e+00	17451
707	1.000000000000000e+00	17451
708	1.000000000000000e+00	17451
709	1.000000000000000e+00	17451
710	1.000000000000000e+00	17451
711	1.000000000000000e+00	17451
712	1.000000000000000e+00	17451
713	1.000000000000000e+00	17451
714	1.000000000000000e+00	17451
715	1.000000000000000e+00	17451
716	1.000000000000000e+00	17451
717	1.000000000000000e+00	17451
718	1.000000000000000e+00	17451
719	1.000000000000000e+00	17451
720	1.000000000000000e+00	17451
721	1.000000000000000e+00	17451
722	1.000000000000000e+00	17451
723	1.000000000000000e+00	17451
724	1.000000000000000e+00	17451
725	1.000000000000000e+00	17451
726	1.000000000000000e+00	17451
727	1.000000000000000e+00	17451
728	1.000000000000000e+00	17451
729	1.000000000000000e+00	17451
730	1.000000000000000e+00	17451
731	1.000000000000000e+00	17451
732	1.000000000000000e+00	17451
733	1.000000000000000e+00	17451
734	1.000000000000000e+00	17451
735	1.000000000000000e+00	17451
736	1.000000000000000e+00	17451
737	1.000000000000000e+00	17451
738	1.000000000000000e+00	17451
739	1.000000000000000e+00	17451
740	1.000000000000000e+00	17451
741	1.000000000000000e+00	17451
742	1.000000000000000e+00	17451
743	1.000000000000000e+00	17451
744	1.000000000000000e+00	17451
745	1.000000000000000e+00	17451
746	1.000000000000000e+00	17451
747	1.000000000000000e+00	17451
748	1.000000000000000e+00	17451
749	1.000000000000000e+00	17451
750	1.000000000000000e+00	17451
751	1.000000000000000e+00	17451
752	1.000000000000000e+00	17451
753	1.000000000000000e+00	17451
754	1.000000000000000e+00	17451
755	1.000000000000000e+00	17451
756	1.000000000000000e+00	17451
757	1.000000000000000e+00	17451
758	1.000000000000000e+00	17451
759	1.000000000000000e+00	17451
760	1.000000000000000e+00	17451
761	1.000000000000000e+00	17451
762	1.000000000000000e+00	17451
763	1.000000000000000e+00	17451
764	1.000000000000000e+00	17451
765	1.000000000000000e+00	17451
766	1.000000000000000e+00	17451
767	1.000000000000000e+00	17451
768	1.000000000000000e+00	17451
769	1.000000000000000e+00	17451
770	1.000000000000000e+00	17451
771	1.000000000000000e+00	17451
772	1.000000000000000e+00	17451
773	1.000000000000000e+00	17451
774	1.000000000000000e+00	17451
775	1.000000000000000e+00	17451
776	1.000000000000000e+00	17451
777	1.000000000000000e+00	17451
778	1.000000000000000e+00	17451
779	1.000000000000000e+00	17451
780	1.000000000000000e+00	17451
781	1.000000000000000e+00	17451
782	1.000000000000000e+00	17451
783	1.000000000000000e+00	17451
784	1.000000000000000e+00	17451
785	1.000000000000000e+00	17451
786	1.000000000000000e+00	17451
787	1.000000000000000e+00	17451
788	1.000000000000000e+00	17451
789	1.000000000000000e+00	17451
790	1.000000000000000e+00	17451
791	1.000000000000000e+00	17451
792	1.000000000000000e+00	17451
793	1.000000000000000e+00	17451
794	1.000000000000000e+00	17451
795	1.000000000000000e+00	17451
796	1.000000000000000e+00	17451
797	1.000000000000000e+00	17451
798	1.000000000000000e+00	17451
799	1.000000000000000e+00	17451
800	1.000000000000000e+00	17451
801	1.000000000000000e+00	17451
802	1.000000000000000e+00	17451
803	1.000000000000000e+00	17451
804	1.000000000000000e+00	17451
805	1.000000000000000e+00	17451
806	1.000000000000000e+00	17451
807	1.000000000000000e+00	17451
808	1.000000000000000e+00	17451
809	1.000000000000000e+00	17451
810	1.000000000000000e+00	17451
811	1.000000000000000e+00	17451
812	1.000000000000000e+00	17451
813	1.000000000000000e+00	17451
814	1.000000000000000e+00	17451
815	1.000000000000000e+00	17451
816	1.000000000000000e+00	17451
817	1.000000000000000e+00	17451
818	1.000000000000000e+00	17451
819	1.000000000000000e+00	17451
820	1.000000000000000e+00	17451
821	1.000000000000000e+00	17451
822	1.000000000000000e+00	17451
823	1.000000000000000e+00	17451
824	1.000000000000000e+00	17451
825	1.000000000000000e+00	17451
826	1.000000000000000e+00	17451
827	1.000000000000000e+00	17451
828	1.000000000000000e+00	17451
829	1.000000000000000e+00	17451
830	1.000000000000000e+00	17451
831	1.000000000000000e+00	17451
832	1.000000000000000e+00	17451
833	1.000000000000000e+00	17451
834	1.000000000000000e+00	17451
835	1.000000000000000e+00	17451
836	1.000000000000000e+00	17451
837	1.000000000000000e+00	17451
838	1.000000000000000e+00	17451
839	1.000000000000000e+00	17451
840	1.000000000000000e+00	17451
841	1.000000000000000e+00	17451
842	1.000000000000000e+00	17451
843	1.000000000000000e+00	17451
844	1.000000000000000e+00	17451
845	1.000000000000000e+00	17451
846	1.000000000000000e+00	17451
847	1.000000000000000e+00	17451
848	1.000000000000000e+00	17451
849	1.000000000000000e+00	17451
850	1.000000000000000e+00	17451
851	1.000000000000000e+00	17451
852	1.000000000000000e+00	17451
853	1.000000000000000e+00	17451
854	1.000000000000000e+00	17451
855	1.000000000000000e+00	17451
856	1.000000000000000e+00	17451
857	1.000000000000000e+00	17451
858	1.000000000000000e+00	17451
859	1.000000000000000e+00	17451
860	1.000000000000000e+00	17451
861	1.000000000000000e+00	17451
862	1.000000000000000e+00	17451
863	1.000000000000000e+00	17451
864	1.000000000000000e+00	17451
865	1.000000000000000e+00	17451
866	1.000000000000000e+00	17451
867	1.000000000000000e+00	17451
868	1.000000000000000e+00	17451
869	1.000000000000000e+00	17451
870	1.000000000000000e+00	17451
871	1.000000000000000e+00	17451
872	1.000000000000000e+00	17451
873	1.000000000000000e+00	17451
874	1.000000000000000e+00	17451
875	1.000000000000000e+00	17451
876	1.000000000000000e+00	17451
877	1.000000000000000e+00	17451
878	1.000000000000000e+00	17451
879	1.000000000000000e+00	17451
880	1.000000000000000e+00	17451
881	1.000000000000000e+00	17451
882	1.000000000000000e+00	17451
883	1.000000000000000e+00	17451
884	1.000000000000000e+00	17451
885	1.000000000000000e+00	17451
886	1.000000000000000e+00	17451
887	1.000000000000000e+00	17451
888	1.000000000000000e+00	17451
889	1.000000000000000e+00	17451
890	1.000000000000000e+00	17451
891	1.000000000000000e+00	17451
892	1.000000000000000e+00	17451
893	1.000000000000000e+00	17451
894	1.000000000000000e+00	17451
895	1.000000000000000e+00	17451
896	1.000000000000000e+00	17451
897	1.000000000000000e+00	17451
898	1.000000000000000e+00	17451
899	1.000000000000000e+00	17451
900	1.000000000000000e+00	17451
901	1.000000000000000e+00	17451
902	1.000000000000000e+00	17451
903	1.000000000000000e+00	17451
904	1.000000000000000e+00	17451
905	1.000000000000000e+00	17451
906	1.000000000000000e+00	17451
907	1.000000000000000e+00	17451
908	1.000000000000000e+00	17451
909	1.000000000000000e+00	17451
910	1.000000000000000e+00	17451
911	1.000000000000000e+00	17451
912	1.000000000000000e+00	17451
913	1.000000000000000e+00	17451
914	1.000000000000000e+00	17451
915	1.000000000000000e+00	17451
916	1.000000000000000e+00	17451
917	1.000000000000000e+00	17451
918	1.000000000000000e+00	17451
919	1.000000000000000e+00	17451
920	1.000000000000000e+00	17451
921	1.000000000000000e+00	17451
922	1.000000000000000e+00	17451
923	1.000000000000000e+00	17451
924	1.000000000000000e+00	17451
925	1.000000000000000e+00	17451
926	1.000000000000000e+00	17451
927	1.000000000000000e+00	17451
928	1.000000000000000e+00	17451
929	1.000000000000000e+00	17451
930	1.000000000000000e+00	17451
931	1.000000000000000e+00	17451
932	1.000000000000000e+00	17451
933	1.000000000000000e+00	17451
934	1.000000000000000e+00	17451
935	1.000000000000000e+00	17451
936	1.000000000000000e+00	17451
937	1.000000000000000e+00	17451
938	1.000000000000000e+00	17451
939	1.000000000000000e+00	17451
940	1.000000000000000e+00	17451
941	1.000000000000000e+00	17451
942	1.000000000000000e+00	17451
943	1.000000000000000e+00	17451
944	1.000000000000000e+00	17451
945	1.000000000000000e+00	17451
946	1.000000000000000e+00	17451
947	1.000000000000000e+00	17451
948	1.000000000000000e+00	17451
949	1.000000000000000e+00	17451
950	1.000000000000000e+00	17451
951	1.000000000000000e+00	17451
952	1.000000000000000e+00	17451
953	1.000000000000000e+00	17451
954	1.000000000000000e+00	17451
955	1.000000000000000e+00	17451
956	1.000000000000000e+00	17451
957	1.000000000000000e+00	17451
958	1.000000000000000e+00	17451
959	1.000000000000000e+00	17451
960	1.000000000000000e+00	17451
961	1.000000000000000e+00	17451
962	1.000000000000000e+00	17451
963	1.000000000000000e+00	17451
964	1.000000000000000e+00	17451
965	1.000000000000000e+00	17451
966	1.000000000000000e+00	17451
967	1.000000000000000e+00	17451
968	1.000000000000000e+00	17451
969	1.000000000000000e+00	17451
970	1.000000000000000e+00	17451
971	1.000000000000000e+00	17451
972	1.000000000000000e+00	17451
973	1.000000000000000e+00	17451
974	1.000000000000000e+00	17451
975	1.000000000000000e+00	17451
976	1.000000000000000e+00	17451
977	1.000000000000000e+00	17451
978	1.000000000000000e+00	17451
979	1.000000000000000e+00	17451
980	1.000000000000000e+00	17451
981	1.000000000000000e+00	17451
982	1.000000000000000e+00	17451
983	1.000000000000000e+00	17451
984	1.000000000000000e+00	17451
985	1.000000000000000e+00	17451
986	1.000000000000000e+00	17451
987	1.000000000000000e+00	17451
988	1.000000000000000e+00	17451
989	1.000000000000000e+00	17451
990	1.000000000000000e+00	17451
991	1.000000000000000e+00	17451
992	1.000000000000000e+00	17451
993	1.000000000000000e+00	17451
994	1.000000000000000e+00	17451
995	1.000000000000000e+00	17451
996	1.000000000000000e+00	17451
997	1.000000000000000e+00	17451
998	1.000000000000000e+00	17451
999	1.000000000000000e+00	17451
1000	1.000000000000000e+00	17451


Tempo gasto: 13.605630
