Método usado: C-GRASP

POSIÇÃO	ÁREA(mm²)	CUSTO

1	1.000000000000000e+00	20076
2	1.000000000000000e+00	20076
3	1.000000000000000e+00	20076
4	1.000000000000000e+00	20076
5	1.000000000000000e+00	20076
6	1.000000000000000e+00	20076
7	1.000000000000000e+00	20076
8	1.000000000000000e+00	20076
9	1.000000000000000e+00	20076
10	1.000000000000000e+00	20076
11	1.000000000000000e+00	20076
12	1.000000000000000e+00	20076
13	1.000000000000000e+00	20076
14	1.000000000000000e+00	20076
15	1.000000000000000e+00	20076
16	1.000000000000000e+00	20076
17	1.000000000000000e+00	20076
18	1.000000000000000e+00	20076
19	1.000000000000000e+00	20076
20	1.000000000000000e+00	20076
21	1.000000000000000e+00	20076
22	1.000000000000000e+00	20076
23	1.000000000000000e+00	20076
24	1.000000000000000e+00	20076
25	1.000000000000000e+00	20076
26	1.000000000000000e+00	20076
27	1.000000000000000e+00	20076
28	1.000000000000000e+00	20076
29	1.000000000000000e+00	20076
30	1.000000000000000e+00	20076
31	1.000000000000000e+00	20076
32	1.000000000000000e+00	20076
33	1.000000000000000e+00	20076
34	1.000000000000000e+00	20076
35	1.000000000000000e+00	20076
36	1.000000000000000e+00	20076
37	1.000000000000000e+00	20076
38	1.000000000000000e+00	20076
39	1.000000000000000e+00	20076
40	1.000000000000000e+00	20076
41	1.000000000000000e+00	20076
42	1.000000000000000e+00	20076
43	1.000000000000000e+00	20076
44	1.000000000000000e+00	20076
45	1.000000000000000e+00	20076
46	1.000000000000000e+00	20076
47	1.000000000000000e+00	20076
48	1.000000000000000e+00	20076
49	1.000000000000000e+00	20076
50	1.000000000000000e+00	20076
51	1.000000000000000e+00	20076
52	1.000000000000000e+00	20076
53	1.000000000000000e+00	20076
54	1.000000000000000e+00	20076
55	1.000000000000000e+00	20076
56	1.000000000000000e+00	20076
57	1.000000000000000e+00	20076
58	1.000000000000000e+00	20076
59	1.000000000000000e+00	20076
60	1.000000000000000e+00	20076
61	1.000000000000000e+00	20076
62	1.000000000000000e+00	20076
63	1.000000000000000e+00	20076
64	1.000000000000000e+00	20076
65	1.000000000000000e+00	20076
66	1.000000000000000e+00	20076
67	1.000000000000000e+00	20076
68	1.000000000000000e+00	20076
69	1.000000000000000e+00	20076
70	1.000000000000000e+00	20076
71	1.000000000000000e+00	20076
72	1.000000000000000e+00	20076
73	1.000000000000000e+00	20076
74	1.000000000000000e+00	20076
75	1.000000000000000e+00	20076
76	1.000000000000000e+00	20076
77	1.000000000000000e+00	20076
78	1.000000000000000e+00	20076
79	1.000000000000000e+00	20076
80	1.000000000000000e+00	20076
81	1.000000000000000e+00	20076
82	1.000000000000000e+00	20076
83	1.000000000000000e+00	20076
84	1.000000000000000e+00	20076
85	1.000000000000000e+00	20076
86	1.000000000000000e+00	20076
87	1.000000000000000e+00	20076
88	1.000000000000000e+00	20076
89	1.000000000000000e+00	20076
90	1.000000000000000e+00	20076
91	1.000000000000000e+00	20076
92	1.000000000000000e+00	20076
93	1.000000000000000e+00	20076
94	1.000000000000000e+00	20076
95	1.000000000000000e+00	20076
96	1.000000000000000e+00	20076
97	1.000000000000000e+00	20076
98	1.000000000000000e+00	20076
99	1.000000000000000e+00	20076
100	1.000000000000000e+00	20076
101	1.000000000000000e+00	20076
102	1.000000000000000e+00	20076
103	1.000000000000000e+00	20076
104	1.000000000000000e+00	20076
105	1.000000000000000e+00	20076
106	1.000000000000000e+00	20076
107	1.000000000000000e+00	20076
108	1.000000000000000e+00	20076
109	1.000000000000000e+00	20076
110	1.000000000000000e+00	20076
111	1.000000000000000e+00	20076
112	1.000000000000000e+00	20076
113	1.000000000000000e+00	20076
114	1.000000000000000e+00	20076
115	1.000000000000000e+00	20076
116	1.000000000000000e+00	20076
117	1.000000000000000e+00	20076
118	1.000000000000000e+00	20076
119	1.000000000000000e+00	20076
120	1.000000000000000e+00	20076
121	1.000000000000000e+00	20076
122	1.000000000000000e+00	20076
123	1.000000000000000e+00	20076
124	1.000000000000000e+00	20076
125	1.000000000000000e+00	20076
126	1.000000000000000e+00	20076
127	1.000000000000000e+00	20076
128	1.000000000000000e+00	20076
129	1.000000000000000e+00	20076
130	1.000000000000000e+00	20076
131	1.000000000000000e+00	20076
132	1.000000000000000e+00	20076
133	1.000000000000000e+00	20076
134	1.000000000000000e+00	20076
135	1.000000000000000e+00	20076
136	1.000000000000000e+00	20076
137	1.000000000000000e+00	20076
138	1.000000000000000e+00	20076
139	1.000000000000000e+00	20076
140	1.000000000000000e+00	20076
141	1.000000000000000e+00	20076
142	1.000000000000000e+00	20076
143	1.000000000000000e+00	20076
144	1.000000000000000e+00	20076
145	1.000000000000000e+00	20076
146	1.000000000000000e+00	20076
147	1.000000000000000e+00	20076
148	1.000000000000000e+00	20076
149	1.000000000000000e+00	20076
150	1.000000000000000e+00	20076
151	1.000000000000000e+00	20076
152	1.000000000000000e+00	20076
153	1.000000000000000e+00	20076
154	1.000000000000000e+00	20076
155	1.000000000000000e+00	20076
156	1.000000000000000e+00	20076
157	1.000000000000000e+00	20076
158	1.000000000000000e+00	20076
159	1.000000000000000e+00	20076
160	1.000000000000000e+00	20076
161	1.000000000000000e+00	20076
162	1.000000000000000e+00	20076
163	1.000000000000000e+00	20076
164	1.000000000000000e+00	20076
165	1.000000000000000e+00	20076
166	1.000000000000000e+00	20076
167	1.000000000000000e+00	20076
168	1.000000000000000e+00	20076
169	1.000000000000000e+00	20076
170	1.000000000000000e+00	20076
171	1.000000000000000e+00	20076
172	1.000000000000000e+00	20076
173	1.000000000000000e+00	20076
174	1.000000000000000e+00	20076
175	1.000000000000000e+00	20076
176	1.000000000000000e+00	20076
177	1.000000000000000e+00	20076
178	1.000000000000000e+00	20076
179	1.000000000000000e+00	20076
180	1.000000000000000e+00	20076
181	1.000000000000000e+00	20076
182	1.000000000000000e+00	20076
183	1.000000000000000e+00	20076
184	1.000000000000000e+00	20076
185	1.000000000000000e+00	20076
186	1.000000000000000e+00	20076
187	1.000000000000000e+00	20076
188	1.000000000000000e+00	20076
189	1.000000000000000e+00	20076
190	1.000000000000000e+00	20076
191	1.000000000000000e+00	20076
192	1.000000000000000e+00	20076
193	1.000000000000000e+00	20076
194	1.000000000000000e+00	20076
195	1.000000000000000e+00	20076
196	1.000000000000000e+00	20076
197	1.000000000000000e+00	20076
198	1.000000000000000e+00	20076
199	1.000000000000000e+00	20076
200	1.000000000000000e+00	20076
201	1.000000000000000e+00	20076
202	1.000000000000000e+00	20076
203	1.000000000000000e+00	20076
204	1.000000000000000e+00	20076
205	1.000000000000000e+00	20076
206	1.000000000000000e+00	20076
207	1.000000000000000e+00	20076
208	1.000000000000000e+00	20076
209	1.000000000000000e+00	20076
210	1.000000000000000e+00	20076
211	1.000000000000000e+00	20076
212	1.000000000000000e+00	20076
213	1.000000000000000e+00	20076
214	1.000000000000000e+00	20076
215	1.000000000000000e+00	20076
216	1.000000000000000e+00	20076
217	1.000000000000000e+00	20076
218	1.000000000000000e+00	20076
219	1.000000000000000e+00	20076
220	1.000000000000000e+00	20076
221	1.000000000000000e+00	20076
222	1.000000000000000e+00	20076
223	1.000000000000000e+00	20076
224	1.000000000000000e+00	20076
225	1.000000000000000e+00	20076
226	1.000000000000000e+00	20076
227	1.000000000000000e+00	20076
228	1.000000000000000e+00	20076
229	1.000000000000000e+00	20076
230	1.000000000000000e+00	20076
231	1.000000000000000e+00	20076
232	1.000000000000000e+00	20076
233	1.000000000000000e+00	20076
234	1.000000000000000e+00	20076
235	1.000000000000000e+00	20076
236	1.000000000000000e+00	20076
237	1.000000000000000e+00	20076
238	1.000000000000000e+00	20076
239	1.000000000000000e+00	20076
240	1.000000000000000e+00	20076
241	1.000000000000000e+00	20076
242	1.000000000000000e+00	20076
243	1.000000000000000e+00	20076
244	1.000000000000000e+00	20076
245	1.000000000000000e+00	20076
246	1.000000000000000e+00	20076
247	1.000000000000000e+00	20076
248	1.000000000000000e+00	20076
249	1.000000000000000e+00	20076
250	1.000000000000000e+00	20076
251	1.000000000000000e+00	20076
252	1.000000000000000e+00	20076
253	1.000000000000000e+00	20076
254	1.000000000000000e+00	20076
255	1.000000000000000e+00	20076
256	1.000000000000000e+00	20076
257	1.000000000000000e+00	20076
258	1.000000000000000e+00	20076
259	1.000000000000000e+00	20076
260	1.000000000000000e+00	20076
261	1.000000000000000e+00	20076
262	1.000000000000000e+00	20076
263	1.000000000000000e+00	20076
264	1.000000000000000e+00	20076
265	1.000000000000000e+00	20076
266	1.000000000000000e+00	20076
267	1.000000000000000e+00	20076
268	1.000000000000000e+00	20076
269	1.000000000000000e+00	20076
270	1.000000000000000e+00	20076
271	1.000000000000000e+00	20076
272	1.000000000000000e+00	20076
273	1.000000000000000e+00	20076
274	1.000000000000000e+00	20076
275	1.000000000000000e+00	20076
276	1.000000000000000e+00	20076
277	1.000000000000000e+00	20076
278	1.000000000000000e+00	20076
279	1.000000000000000e+00	20076
280	1.000000000000000e+00	20076
281	1.000000000000000e+00	20076
282	1.000000000000000e+00	20076
283	1.000000000000000e+00	20076
284	1.000000000000000e+00	20076
285	1.000000000000000e+00	20076
286	1.000000000000000e+00	20076
287	1.000000000000000e+00	20076
288	1.000000000000000e+00	20076
289	1.000000000000000e+00	20076
290	1.000000000000000e+00	20076
291	1.000000000000000e+00	20076
292	1.000000000000000e+00	20076
293	1.000000000000000e+00	20076
294	1.000000000000000e+00	20076
295	1.000000000000000e+00	20076
296	1.000000000000000e+00	20076
297	1.000000000000000e+00	20076
298	1.000000000000000e+00	20076
299	1.000000000000000e+00	20076
300	1.000000000000000e+00	20076
301	1.000000000000000e+00	20076
302	1.000000000000000e+00	20076
303	1.000000000000000e+00	20076
304	1.000000000000000e+00	20076
305	1.000000000000000e+00	20076
306	1.000000000000000e+00	20076
307	1.000000000000000e+00	20076
308	1.000000000000000e+00	20076
309	1.000000000000000e+00	20076
310	1.000000000000000e+00	20076
311	1.000000000000000e+00	20076
312	1.000000000000000e+00	20076
313	1.000000000000000e+00	20076
314	1.000000000000000e+00	20076
315	1.000000000000000e+00	20076
316	1.000000000000000e+00	20076
317	1.000000000000000e+00	20076
318	1.000000000000000e+00	20076
319	1.000000000000000e+00	20076
320	1.000000000000000e+00	20076
321	1.000000000000000e+00	20076
322	1.000000000000000e+00	20076
323	1.000000000000000e+00	20076
324	1.000000000000000e+00	20076
325	1.000000000000000e+00	20076
326	1.000000000000000e+00	20076
327	1.000000000000000e+00	20076
328	1.000000000000000e+00	20076
329	1.000000000000000e+00	20076
330	1.000000000000000e+00	20076
331	1.000000000000000e+00	20076
332	1.000000000000000e+00	20076
333	1.000000000000000e+00	20076
334	1.000000000000000e+00	20076
335	1.000000000000000e+00	20076
336	1.000000000000000e+00	20076
337	1.000000000000000e+00	20076
338	1.000000000000000e+00	20076
339	1.000000000000000e+00	20076
340	1.000000000000000e+00	20076
341	1.000000000000000e+00	20076
342	1.000000000000000e+00	20076
343	1.000000000000000e+00	20076
344	1.000000000000000e+00	20076
345	1.000000000000000e+00	20076
346	1.000000000000000e+00	20076
347	1.000000000000000e+00	20076
348	1.000000000000000e+00	20076
349	1.000000000000000e+00	20076
350	1.000000000000000e+00	20076
351	1.000000000000000e+00	20076
352	1.000000000000000e+00	20076
353	1.000000000000000e+00	20076
354	1.000000000000000e+00	20076
355	1.000000000000000e+00	20076
356	1.000000000000000e+00	20076
357	1.000000000000000e+00	20076
358	1.000000000000000e+00	20076
359	1.000000000000000e+00	20076
360	1.000000000000000e+00	20076
361	1.000000000000000e+00	20076
362	1.000000000000000e+00	20076
363	1.000000000000000e+00	20076
364	1.000000000000000e+00	20076
365	1.000000000000000e+00	20076
366	1.000000000000000e+00	20076
367	1.000000000000000e+00	20076
368	1.000000000000000e+00	20076
369	1.000000000000000e+00	20076
370	1.000000000000000e+00	20076
371	1.000000000000000e+00	20076
372	1.000000000000000e+00	20076
373	1.000000000000000e+00	20076
374	1.000000000000000e+00	20076
375	1.000000000000000e+00	20076
376	1.000000000000000e+00	20076
377	1.000000000000000e+00	20076
378	1.000000000000000e+00	20076
379	1.000000000000000e+00	20076
380	1.000000000000000e+00	20076
381	1.000000000000000e+00	20076
382	1.000000000000000e+00	20076
383	1.000000000000000e+00	20076
384	1.000000000000000e+00	20076
385	1.000000000000000e+00	20076
386	1.000000000000000e+00	20076
387	1.000000000000000e+00	20076
388	1.000000000000000e+00	20076
389	1.000000000000000e+00	20076
390	1.000000000000000e+00	20076
391	1.000000000000000e+00	20076
392	1.000000000000000e+00	20076
393	1.000000000000000e+00	20076
394	1.000000000000000e+00	20076
395	1.000000000000000e+00	20076
396	1.000000000000000e+00	20076
397	1.000000000000000e+00	20076
398	1.000000000000000e+00	20076
399	1.000000000000000e+00	20076
400	1.000000000000000e+00	20076
401	1.000000000000000e+00	20076
402	1.000000000000000e+00	20076
403	1.000000000000000e+00	20076
404	1.000000000000000e+00	20076
405	1.000000000000000e+00	20076
406	1.000000000000000e+00	20076
407	1.000000000000000e+00	20076
408	1.000000000000000e+00	20076
409	1.000000000000000e+00	20076
410	1.000000000000000e+00	20076
411	1.000000000000000e+00	20076
412	1.000000000000000e+00	20076
413	1.000000000000000e+00	20076
414	1.000000000000000e+00	20076
415	1.000000000000000e+00	20076
416	1.000000000000000e+00	20076
417	1.000000000000000e+00	20076
418	1.000000000000000e+00	20076
419	1.000000000000000e+00	20076
420	1.000000000000000e+00	20076
421	1.000000000000000e+00	20076
422	1.000000000000000e+00	20076
423	1.000000000000000e+00	20076
424	1.000000000000000e+00	20076
425	1.000000000000000e+00	20076
426	1.000000000000000e+00	20076
427	1.000000000000000e+00	20076
428	1.000000000000000e+00	20076
429	1.000000000000000e+00	20076
430	1.000000000000000e+00	20076
431	1.000000000000000e+00	20076
432	1.000000000000000e+00	20076
433	1.000000000000000e+00	20076
434	1.000000000000000e+00	20076
435	1.000000000000000e+00	20076
436	1.000000000000000e+00	20076
437	1.000000000000000e+00	20076
438	1.000000000000000e+00	20076
439	1.000000000000000e+00	20076
440	1.000000000000000e+00	20076
441	1.000000000000000e+00	20076
442	1.000000000000000e+00	20076
443	1.000000000000000e+00	20076
444	1.000000000000000e+00	20076
445	1.000000000000000e+00	20076
446	1.000000000000000e+00	20076
447	1.000000000000000e+00	20076
448	1.000000000000000e+00	20076
449	1.000000000000000e+00	20076
450	1.000000000000000e+00	20076
451	1.000000000000000e+00	20076
452	1.000000000000000e+00	20076
453	1.000000000000000e+00	20076
454	1.000000000000000e+00	20076
455	1.000000000000000e+00	20076
456	1.000000000000000e+00	20076
457	1.000000000000000e+00	20076
458	1.000000000000000e+00	20076
459	1.000000000000000e+00	20076
460	1.000000000000000e+00	20076
461	1.000000000000000e+00	20076
462	1.000000000000000e+00	20076
463	1.000000000000000e+00	20076
464	1.000000000000000e+00	20076
465	1.000000000000000e+00	20076
466	1.000000000000000e+00	20076
467	1.000000000000000e+00	20076
468	1.000000000000000e+00	20076
469	1.000000000000000e+00	20076
470	1.000000000000000e+00	20076
471	1.000000000000000e+00	20076
472	1.000000000000000e+00	20076
473	1.000000000000000e+00	20076
474	1.000000000000000e+00	20076
475	1.000000000000000e+00	20076
476	1.000000000000000e+00	20076
477	1.000000000000000e+00	20076
478	1.000000000000000e+00	20076
479	1.000000000000000e+00	20076
480	1.000000000000000e+00	20076
481	1.000000000000000e+00	20076
482	1.000000000000000e+00	20076
483	1.000000000000000e+00	20076
484	1.000000000000000e+00	20076
485	1.000000000000000e+00	20076
486	1.000000000000000e+00	20076
487	1.000000000000000e+00	20076
488	1.000000000000000e+00	20076
489	1.000000000000000e+00	20076
490	1.000000000000000e+00	20076
491	9.500000000000003e-01	19120
492	9.000000000000002e-01	18164
493	8.490000000000002e-01	24856
494	8.000000000000002e-01	16252
495	7.500000000000001e-01	15296
496	7.000000000000001e-01	14340
497	6.500000000000000e-01	13384
498	6.000000000000000e-01	12428
499	5.499999999999999e-01	11472
500	4.999999999999999e-01	10516
501	5.499999999999999e-01	11472
502	6.000000000000000e-01	12428
503	6.500000000000000e-01	13384
504	7.000000000000001e-01	14340
505	7.500000000000001e-01	15296
506	8.000000000000002e-01	16252
507	8.500000000000002e-01	17208
508	9.000000000000002e-01	18164
509	9.500000000000003e-01	19120
510	9.000000000000002e-01	18164
511	8.500000000000002e-01	17208
512	8.000000000000002e-01	16252
513	7.500000000000001e-01	15296
514	8.000000000000002e-01	16252
515	8.500000000000002e-01	17208
516	9.000000000000002e-01	18164
517	9.500000000000003e-01	19120
518	1.000000000000000e+00	20076
519	1.000000000000000e+00	20076
520	1.000000000000000e+00	20076
521	1.000000000000000e+00	20076
522	1.000000000000000e+00	20076
523	1.000000000000000e+00	20076
524	1.000000000000000e+00	20076
525	1.000000000000000e+00	20076
526	1.000000000000000e+00	20076
527	1.000000000000000e+00	20076
528	1.000000000000000e+00	20076
529	1.000000000000000e+00	20076
530	1.000000000000000e+00	20076
531	1.000000000000000e+00	20076
532	1.000000000000000e+00	20076
533	1.000000000000000e+00	20076
534	1.000000000000000e+00	20076
535	1.000000000000000e+00	20076
536	1.000000000000000e+00	20076
537	1.000000000000000e+00	20076
538	1.000000000000000e+00	20076
539	1.000000000000000e+00	20076
540	1.000000000000000e+00	20076
541	1.000000000000000e+00	20076
542	1.000000000000000e+00	20076
543	1.000000000000000e+00	20076
544	1.000000000000000e+00	20076
545	1.000000000000000e+00	20076
546	1.000000000000000e+00	20076
547	1.000000000000000e+00	20076
548	1.000000000000000e+00	20076
549	1.000000000000000e+00	20076
550	1.000000000000000e+00	20076
551	1.000000000000000e+00	20076
552	1.000000000000000e+00	20076
553	1.000000000000000e+00	20076
554	1.000000000000000e+00	20076
555	1.000000000000000e+00	20076
556	1.000000000000000e+00	20076
557	1.000000000000000e+00	20076
558	1.000000000000000e+00	20076
559	1.000000000000000e+00	20076
560	1.000000000000000e+00	20076
561	1.000000000000000e+00	20076
562	1.000000000000000e+00	20076
563	1.000000000000000e+00	20076
564	1.000000000000000e+00	20076
565	1.000000000000000e+00	20076
566	1.000000000000000e+00	20076
567	1.000000000000000e+00	20076
568	1.000000000000000e+00	20076
569	1.000000000000000e+00	20076
570	1.000000000000000e+00	20076
571	1.000000000000000e+00	20076
572	1.000000000000000e+00	20076
573	1.000000000000000e+00	20076
574	1.000000000000000e+00	20076
575	1.000000000000000e+00	20076
576	1.000000000000000e+00	20076
577	1.000000000000000e+00	20076
578	1.000000000000000e+00	20076
579	1.000000000000000e+00	20076
580	1.000000000000000e+00	20076
581	1.000000000000000e+00	20076
582	1.000000000000000e+00	20076
583	1.000000000000000e+00	20076
584	1.000000000000000e+00	20076
585	1.000000000000000e+00	20076
586	1.000000000000000e+00	20076
587	1.000000000000000e+00	20076
588	1.000000000000000e+00	20076
589	1.000000000000000e+00	20076
590	1.000000000000000e+00	20076
591	1.000000000000000e+00	20076
592	1.000000000000000e+00	20076
593	1.000000000000000e+00	20076
594	1.000000000000000e+00	20076
595	1.000000000000000e+00	20076
596	1.000000000000000e+00	20076
597	1.000000000000000e+00	20076
598	1.000000000000000e+00	20076
599	1.000000000000000e+00	20076
600	1.000000000000000e+00	20076
601	1.000000000000000e+00	20076
602	1.000000000000000e+00	20076
603	1.000000000000000e+00	20076
604	1.000000000000000e+00	20076
605	1.000000000000000e+00	20076
606	1.000000000000000e+00	20076
607	1.000000000000000e+00	20076
608	1.000000000000000e+00	20076
609	1.000000000000000e+00	20076
610	1.000000000000000e+00	20076
611	1.000000000000000e+00	20076
612	1.000000000000000e+00	20076
613	1.000000000000000e+00	20076
614	1.000000000000000e+00	20076
615	1.000000000000000e+00	20076
616	1.000000000000000e+00	20076
617	1.000000000000000e+00	20076
618	1.000000000000000e+00	20076
619	1.000000000000000e+00	20076
620	1.000000000000000e+00	20076
621	1.000000000000000e+00	20076
622	1.000000000000000e+00	20076
623	1.000000000000000e+00	20076
624	1.000000000000000e+00	20076
625	1.000000000000000e+00	20076
626	1.000000000000000e+00	20076
627	1.000000000000000e+00	20076
628	1.000000000000000e+00	20076
629	1.000000000000000e+00	20076
630	1.000000000000000e+00	20076
631	1.000000000000000e+00	20076
632	1.000000000000000e+00	20076
633	1.000000000000000e+00	20076
634	1.000000000000000e+00	20076
635	1.000000000000000e+00	20076
636	1.000000000000000e+00	20076
637	1.000000000000000e+00	20076
638	1.000000000000000e+00	20076
639	1.000000000000000e+00	20076
640	1.000000000000000e+00	20076
641	1.000000000000000e+00	20076
642	1.000000000000000e+00	20076
643	1.000000000000000e+00	20076
644	1.000000000000000e+00	20076
645	1.000000000000000e+00	20076
646	1.000000000000000e+00	20076
647	1.000000000000000e+00	20076
648	1.000000000000000e+00	20076
649	1.000000000000000e+00	20076
650	1.000000000000000e+00	20076
651	1.000000000000000e+00	20076
652	1.000000000000000e+00	20076
653	1.000000000000000e+00	20076
654	1.000000000000000e+00	20076
655	1.000000000000000e+00	20076
656	1.000000000000000e+00	20076
657	1.000000000000000e+00	20076
658	1.000000000000000e+00	20076
659	1.000000000000000e+00	20076
660	1.000000000000000e+00	20076
661	1.000000000000000e+00	20076
662	1.000000000000000e+00	20076
663	1.000000000000000e+00	20076
664	1.000000000000000e+00	20076
665	1.000000000000000e+00	20076
666	1.000000000000000e+00	20076
667	1.000000000000000e+00	20076
668	1.000000000000000e+00	20076
669	1.000000000000000e+00	20076
670	1.000000000000000e+00	20076
671	1.000000000000000e+00	20076
672	1.000000000000000e+00	20076
673	1.000000000000000e+00	20076
674	1.000000000000000e+00	20076
675	1.000000000000000e+00	20076
676	1.000000000000000e+00	20076
677	1.000000000000000e+00	20076
678	1.000000000000000e+00	20076
679	1.000000000000000e+00	20076
680	1.000000000000000e+00	20076
681	1.000000000000000e+00	20076
682	1.000000000000000e+00	20076
683	1.000000000000000e+00	20076
684	1.000000000000000e+00	20076
685	1.000000000000000e+00	20076
686	1.000000000000000e+00	20076
687	1.000000000000000e+00	20076
688	1.000000000000000e+00	20076
689	1.000000000000000e+00	20076
690	1.000000000000000e+00	20076
691	1.000000000000000e+00	20076
692	1.000000000000000e+00	20076
693	1.000000000000000e+00	20076
694	1.000000000000000e+00	20076
695	1.000000000000000e+00	20076
696	1.000000000000000e+00	20076
697	1.000000000000000e+00	20076
698	1.000000000000000e+00	20076
699	1.000000000000000e+00	20076
700	1.000000000000000e+00	20076
701	1.000000000000000e+00	20076
702	1.000000000000000e+00	20076
703	1.000000000000000e+00	20076
704	1.000000000000000e+00	20076
705	1.000000000000000e+00	20076
706	1.000000000000000e+00	20076
707	1.000000000000000e+00	20076
708	1.000000000000000e+00	20076
709	1.000000000000000e+00	20076
710	1.000000000000000e+00	20076
711	1.000000000000000e+00	20076
712	1.000000000000000e+00	20076
713	1.000000000000000e+00	20076
714	1.000000000000000e+00	20076
715	1.000000000000000e+00	20076
716	1.000000000000000e+00	20076
717	1.000000000000000e+00	20076
718	1.000000000000000e+00	20076
719	1.000000000000000e+00	20076
720	1.000000000000000e+00	20076
721	1.000000000000000e+00	20076
722	1.000000000000000e+00	20076
723	1.000000000000000e+00	20076
724	1.000000000000000e+00	20076
725	1.000000000000000e+00	20076
726	1.000000000000000e+00	20076
727	1.000000000000000e+00	20076
728	1.000000000000000e+00	20076
729	1.000000000000000e+00	20076
730	1.000000000000000e+00	20076
731	1.000000000000000e+00	20076
732	1.000000000000000e+00	20076
733	1.000000000000000e+00	20076
734	1.000000000000000e+00	20076
735	1.000000000000000e+00	20076
736	1.000000000000000e+00	20076
737	1.000000000000000e+00	20076
738	1.000000000000000e+00	20076
739	1.000000000000000e+00	20076
740	1.000000000000000e+00	20076
741	1.000000000000000e+00	20076
742	1.000000000000000e+00	20076
743	1.000000000000000e+00	20076
744	1.000000000000000e+00	20076
745	1.000000000000000e+00	20076
746	1.000000000000000e+00	20076
747	1.000000000000000e+00	20076
748	1.000000000000000e+00	20076
749	1.000000000000000e+00	20076
750	1.000000000000000e+00	20076
751	1.000000000000000e+00	20076
752	1.000000000000000e+00	20076
753	1.000000000000000e+00	20076
754	1.000000000000000e+00	20076
755	1.000000000000000e+00	20076
756	1.000000000000000e+00	20076
757	1.000000000000000e+00	20076
758	1.000000000000000e+00	20076
759	1.000000000000000e+00	20076
760	1.000000000000000e+00	20076
761	1.000000000000000e+00	20076
762	1.000000000000000e+00	20076
763	1.000000000000000e+00	20076
764	1.000000000000000e+00	20076
765	1.000000000000000e+00	20076
766	1.000000000000000e+00	20076
767	1.000000000000000e+00	20076
768	1.000000000000000e+00	20076
769	1.000000000000000e+00	20076
770	1.000000000000000e+00	20076
771	1.000000000000000e+00	20076
772	1.000000000000000e+00	20076
773	1.000000000000000e+00	20076
774	1.000000000000000e+00	20076
775	1.000000000000000e+00	20076
776	1.000000000000000e+00	20076
777	1.000000000000000e+00	20076
778	1.000000000000000e+00	20076
779	1.000000000000000e+00	20076
780	1.000000000000000e+00	20076
781	1.000000000000000e+00	20076
782	1.000000000000000e+00	20076
783	1.000000000000000e+00	20076
784	1.000000000000000e+00	20076
785	1.000000000000000e+00	20076
786	1.000000000000000e+00	20076
787	1.000000000000000e+00	20076
788	1.000000000000000e+00	20076
789	1.000000000000000e+00	20076
790	1.000000000000000e+00	20076
791	1.000000000000000e+00	20076
792	1.000000000000000e+00	20076
793	1.000000000000000e+00	20076
794	1.000000000000000e+00	20076
795	1.000000000000000e+00	20076
796	1.000000000000000e+00	20076
797	1.000000000000000e+00	20076
798	1.000000000000000e+00	20076
799	1.000000000000000e+00	20076
800	1.000000000000000e+00	20076
801	1.000000000000000e+00	20076
802	1.000000000000000e+00	20076
803	1.000000000000000e+00	20076
804	1.000000000000000e+00	20076
805	1.000000000000000e+00	20076
806	1.000000000000000e+00	20076
807	1.000000000000000e+00	20076
808	1.000000000000000e+00	20076
809	1.000000000000000e+00	20076
810	1.000000000000000e+00	20076
811	1.000000000000000e+00	20076
812	1.000000000000000e+00	20076
813	1.000000000000000e+00	20076
814	1.000000000000000e+00	20076
815	1.000000000000000e+00	20076
816	1.000000000000000e+00	20076
817	1.000000000000000e+00	20076
818	1.000000000000000e+00	20076
819	1.000000000000000e+00	20076
820	1.000000000000000e+00	20076
821	1.000000000000000e+00	20076
822	1.000000000000000e+00	20076
823	1.000000000000000e+00	20076
824	1.000000000000000e+00	20076
825	1.000000000000000e+00	20076
826	1.000000000000000e+00	20076
827	1.000000000000000e+00	20076
828	1.000000000000000e+00	20076
829	1.000000000000000e+00	20076
830	1.000000000000000e+00	20076
831	1.000000000000000e+00	20076
832	1.000000000000000e+00	20076
833	1.000000000000000e+00	20076
834	1.000000000000000e+00	20076
835	1.000000000000000e+00	20076
836	1.000000000000000e+00	20076
837	1.000000000000000e+00	20076
838	1.000000000000000e+00	20076
839	1.000000000000000e+00	20076
840	1.000000000000000e+00	20076
841	1.000000000000000e+00	20076
842	1.000000000000000e+00	20076
843	1.000000000000000e+00	20076
844	1.000000000000000e+00	20076
845	1.000000000000000e+00	20076
846	1.000000000000000e+00	20076
847	1.000000000000000e+00	20076
848	1.000000000000000e+00	20076
849	1.000000000000000e+00	20076
850	1.000000000000000e+00	20076
851	1.000000000000000e+00	20076
852	1.000000000000000e+00	20076
853	1.000000000000000e+00	20076
854	1.000000000000000e+00	20076
855	1.000000000000000e+00	20076
856	1.000000000000000e+00	20076
857	1.000000000000000e+00	20076
858	1.000000000000000e+00	20076
859	1.000000000000000e+00	20076
860	1.000000000000000e+00	20076
861	1.000000000000000e+00	20076
862	1.000000000000000e+00	20076
863	1.000000000000000e+00	20076
864	1.000000000000000e+00	20076
865	1.000000000000000e+00	20076
866	1.000000000000000e+00	20076
867	1.000000000000000e+00	20076
868	1.000000000000000e+00	20076
869	1.000000000000000e+00	20076
870	1.000000000000000e+00	20076
871	1.000000000000000e+00	20076
872	1.000000000000000e+00	20076
873	1.000000000000000e+00	20076
874	1.000000000000000e+00	20076
875	1.000000000000000e+00	20076
876	1.000000000000000e+00	20076
877	1.000000000000000e+00	20076
878	1.000000000000000e+00	20076
879	1.000000000000000e+00	20076
880	1.000000000000000e+00	20076
881	1.000000000000000e+00	20076
882	1.000000000000000e+00	20076
883	1.000000000000000e+00	20076
884	1.000000000000000e+00	20076
885	1.000000000000000e+00	20076
886	1.000000000000000e+00	20076
887	1.000000000000000e+00	20076
888	1.000000000000000e+00	20076
889	1.000000000000000e+00	20076
890	1.000000000000000e+00	20076
891	1.000000000000000e+00	20076
892	1.000000000000000e+00	20076
893	1.000000000000000e+00	20076
894	1.000000000000000e+00	20076
895	1.000000000000000e+00	20076
896	1.000000000000000e+00	20076
897	1.000000000000000e+00	20076
898	1.000000000000000e+00	20076
899	1.000000000000000e+00	20076
900	1.000000000000000e+00	20076
901	1.000000000000000e+00	20076
902	1.000000000000000e+00	20076
903	1.000000000000000e+00	20076
904	1.000000000000000e+00	20076
905	1.000000000000000e+00	20076
906	1.000000000000000e+00	20076
907	1.000000000000000e+00	20076
908	1.000000000000000e+00	20076
909	1.000000000000000e+00	20076
910	1.000000000000000e+00	20076
911	1.000000000000000e+00	20076
912	1.000000000000000e+00	20076
913	1.000000000000000e+00	20076
914	1.000000000000000e+00	20076
915	1.000000000000000e+00	20076
916	1.000000000000000e+00	20076
917	1.000000000000000e+00	20076
918	1.000000000000000e+00	20076
919	1.000000000000000e+00	20076
920	1.000000000000000e+00	20076
921	1.000000000000000e+00	20076
922	1.000000000000000e+00	20076
923	1.000000000000000e+00	20076
924	1.000000000000000e+00	20076
925	1.000000000000000e+00	20076
926	1.000000000000000e+00	20076
927	1.000000000000000e+00	20076
928	1.000000000000000e+00	20076
929	1.000000000000000e+00	20076
930	1.000000000000000e+00	20076
931	1.000000000000000e+00	20076
932	1.000000000000000e+00	20076
933	1.000000000000000e+00	20076
934	1.000000000000000e+00	20076
935	1.000000000000000e+00	20076
936	1.000000000000000e+00	20076
937	1.000000000000000e+00	20076
938	1.000000000000000e+00	20076
939	1.000000000000000e+00	20076
940	1.000000000000000e+00	20076
941	1.000000000000000e+00	20076
942	1.000000000000000e+00	20076
943	1.000000000000000e+00	20076
944	1.000000000000000e+00	20076
945	1.000000000000000e+00	20076
946	1.000000000000000e+00	20076
947	1.000000000000000e+00	20076
948	1.000000000000000e+00	20076
949	1.000000000000000e+00	20076
950	1.000000000000000e+00	20076
951	1.000000000000000e+00	20076
952	1.000000000000000e+00	20076
953	1.000000000000000e+00	20076
954	1.000000000000000e+00	20076
955	1.000000000000000e+00	20076
956	1.000000000000000e+00	20076
957	1.000000000000000e+00	20076
958	1.000000000000000e+00	20076
959	1.000000000000000e+00	20076
960	1.000000000000000e+00	20076
961	1.000000000000000e+00	20076
962	1.000000000000000e+00	20076
963	1.000000000000000e+00	20076
964	1.000000000000000e+00	20076
965	1.000000000000000e+00	20076
966	1.000000000000000e+00	20076
967	1.000000000000000e+00	20076
968	1.000000000000000e+00	20076
969	1.000000000000000e+00	20076
970	1.000000000000000e+00	20076
971	1.000000000000000e+00	20076
972	1.000000000000000e+00	20076
973	1.000000000000000e+00	20076
974	1.000000000000000e+00	20076
975	1.000000000000000e+00	20076
976	1.000000000000000e+00	20076
977	1.000000000000000e+00	20076
978	1.000000000000000e+00	20076
979	1.000000000000000e+00	20076
980	1.000000000000000e+00	20076
981	1.000000000000000e+00	20076
982	1.000000000000000e+00	20076
983	1.000000000000000e+00	20076
984	1.000000000000000e+00	20076
985	1.000000000000000e+00	20076
986	1.000000000000000e+00	20076
987	1.000000000000000e+00	20076
988	1.000000000000000e+00	20076
989	1.000000000000000e+00	20076
990	1.000000000000000e+00	20076
991	1.000000000000000e+00	20076
992	1.000000000000000e+00	20076
993	1.000000000000000e+00	20076
994	1.000000000000000e+00	20076
995	1.000000000000000e+00	20076
996	1.000000000000000e+00	20076
997	1.000000000000000e+00	20076
998	1.000000000000000e+00	20076
999	1.000000000000000e+00	20076
1000	1.000000000000000e+00	20076


Tempo gasto: 13.574568
