Método usado: C-GRASP

POSIÇÃO	ÁREA(mm²)	CUSTO

1	1.000000000000000e+00	9009
2	1.000000000000000e+00	9009
3	1.000000000000000e+00	9009
4	1.000000000000000e+00	9009
5	1.000000000000000e+00	9009
6	1.000000000000000e+00	9009
7	1.000000000000000e+00	9009
8	1.000000000000000e+00	9009
9	1.000000000000000e+00	9009
10	1.000000000000000e+00	9009
11	1.000000000000000e+00	9009
12	1.000000000000000e+00	9009
13	1.000000000000000e+00	9009
14	1.000000000000000e+00	9009
15	1.000000000000000e+00	9009
16	1.000000000000000e+00	9009
17	1.000000000000000e+00	9009
18	1.000000000000000e+00	9009
19	1.000000000000000e+00	9009
20	1.000000000000000e+00	9009
21	1.000000000000000e+00	9009
22	1.000000000000000e+00	9009
23	1.000000000000000e+00	9009
24	1.000000000000000e+00	9009
25	1.000000000000000e+00	9009
26	1.000000000000000e+00	9009
27	1.000000000000000e+00	9009
28	1.000000000000000e+00	9009
29	1.000000000000000e+00	9009
30	1.000000000000000e+00	9009
31	1.000000000000000e+00	9009
32	1.000000000000000e+00	9009
33	1.000000000000000e+00	9009
34	1.000000000000000e+00	9009
35	1.000000000000000e+00	9009
36	1.000000000000000e+00	9009
37	1.000000000000000e+00	9009
38	1.000000000000000e+00	9009
39	1.000000000000000e+00	9009
40	1.000000000000000e+00	9009
41	1.000000000000000e+00	9009
42	1.000000000000000e+00	9009
43	1.000000000000000e+00	9009
44	1.000000000000000e+00	9009
45	1.000000000000000e+00	9009
46	1.000000000000000e+00	9009
47	1.000000000000000e+00	9009
48	1.000000000000000e+00	9009
49	1.000000000000000e+00	9009
50	1.000000000000000e+00	9009
51	1.000000000000000e+00	9009
52	1.000000000000000e+00	9009
53	1.000000000000000e+00	9009
54	1.000000000000000e+00	9009
55	1.000000000000000e+00	9009
56	1.000000000000000e+00	9009
57	1.000000000000000e+00	9009
58	1.000000000000000e+00	9009
59	1.000000000000000e+00	9009
60	1.000000000000000e+00	9009
61	1.000000000000000e+00	9009
62	1.000000000000000e+00	9009
63	1.000000000000000e+00	9009
64	1.000000000000000e+00	9009
65	1.000000000000000e+00	9009
66	1.000000000000000e+00	9009
67	1.000000000000000e+00	9009
68	1.000000000000000e+00	9009
69	1.000000000000000e+00	9009
70	1.000000000000000e+00	9009
71	1.000000000000000e+00	9009
72	1.000000000000000e+00	9009
73	1.000000000000000e+00	9009
74	1.000000000000000e+00	9009
75	1.000000000000000e+00	9009
76	1.000000000000000e+00	9009
77	1.000000000000000e+00	9009
78	1.000000000000000e+00	9009
79	1.000000000000000e+00	9009
80	1.000000000000000e+00	9009
81	1.000000000000000e+00	9009
82	1.000000000000000e+00	9009
83	1.000000000000000e+00	9009
84	1.000000000000000e+00	9009
85	1.000000000000000e+00	9009
86	1.000000000000000e+00	9009
87	1.000000000000000e+00	9009
88	1.000000000000000e+00	9009
89	1.000000000000000e+00	9009
90	1.000000000000000e+00	9009
91	1.000000000000000e+00	9009
92	1.000000000000000e+00	9009
93	1.000000000000000e+00	9009
94	1.000000000000000e+00	9009
95	1.000000000000000e+00	9009
96	1.000000000000000e+00	9009
97	1.000000000000000e+00	9009
98	1.000000000000000e+00	9009
99	1.000000000000000e+00	9009
100	1.000000000000000e+00	9009
101	1.000000000000000e+00	9009
102	1.000000000000000e+00	9009
103	1.000000000000000e+00	9009
104	1.000000000000000e+00	9009
105	1.000000000000000e+00	9009
106	1.000000000000000e+00	9009
107	1.000000000000000e+00	9009
108	1.000000000000000e+00	9009
109	1.000000000000000e+00	9009
110	1.000000000000000e+00	9009
111	1.000000000000000e+00	9009
112	1.000000000000000e+00	9009
113	1.000000000000000e+00	9009
114	1.000000000000000e+00	9009
115	1.000000000000000e+00	9009
116	1.000000000000000e+00	9009
117	1.000000000000000e+00	9009
118	1.000000000000000e+00	9009
119	1.000000000000000e+00	9009
120	1.000000000000000e+00	9009
121	1.000000000000000e+00	9009
122	1.000000000000000e+00	9009
123	1.000000000000000e+00	9009
124	1.000000000000000e+00	9009
125	1.000000000000000e+00	9009
126	1.000000000000000e+00	9009
127	1.000000000000000e+00	9009
128	1.000000000000000e+00	9009
129	1.000000000000000e+00	9009
130	1.000000000000000e+00	9009
131	1.000000000000000e+00	9009
132	1.000000000000000e+00	9009
133	1.000000000000000e+00	9009
134	1.000000000000000e+00	9009
135	1.000000000000000e+00	9009
136	1.000000000000000e+00	9009
137	1.000000000000000e+00	9009
138	1.000000000000000e+00	9009
139	1.000000000000000e+00	9009
140	1.000000000000000e+00	9009
141	1.000000000000000e+00	9009
142	1.000000000000000e+00	9009
143	1.000000000000000e+00	9009
144	1.000000000000000e+00	9009
145	1.000000000000000e+00	9009
146	1.000000000000000e+00	9009
147	1.000000000000000e+00	9009
148	1.000000000000000e+00	9009
149	1.000000000000000e+00	9009
150	1.000000000000000e+00	9009
151	1.000000000000000e+00	9009
152	1.000000000000000e+00	9009
153	1.000000000000000e+00	9009
154	1.000000000000000e+00	9009
155	1.000000000000000e+00	9009
156	1.000000000000000e+00	9009
157	1.000000000000000e+00	9009
158	1.000000000000000e+00	9009
159	1.000000000000000e+00	9009
160	1.000000000000000e+00	9009
161	1.000000000000000e+00	9009
162	1.000000000000000e+00	9009
163	1.000000000000000e+00	9009
164	1.000000000000000e+00	9009
165	1.000000000000000e+00	9009
166	1.000000000000000e+00	9009
167	1.000000000000000e+00	9009
168	1.000000000000000e+00	9009
169	1.000000000000000e+00	9009
170	1.000000000000000e+00	9009
171	1.000000000000000e+00	9009
172	1.000000000000000e+00	9009
173	1.000000000000000e+00	9009
174	1.000000000000000e+00	9009
175	1.000000000000000e+00	9009
176	1.000000000000000e+00	9009
177	1.000000000000000e+00	9009
178	1.000000000000000e+00	9009
179	1.000000000000000e+00	9009
180	1.000000000000000e+00	9009
181	1.000000000000000e+00	9009
182	1.000000000000000e+00	9009
183	1.000000000000000e+00	9009
184	1.000000000000000e+00	9009
185	1.000000000000000e+00	9009
186	1.000000000000000e+00	9009
187	1.000000000000000e+00	9009
188	1.000000000000000e+00	9009
189	1.000000000000000e+00	9009
190	1.000000000000000e+00	9009
191	1.000000000000000e+00	9009
192	1.000000000000000e+00	9009
193	1.000000000000000e+00	9009
194	1.000000000000000e+00	9009
195	1.000000000000000e+00	9009
196	1.000000000000000e+00	9009
197	1.000000000000000e+00	9009
198	1.000000000000000e+00	9009
199	1.000000000000000e+00	9009
200	1.000000000000000e+00	9009
201	1.000000000000000e+00	9009
202	1.000000000000000e+00	9009
203	1.000000000000000e+00	9009
204	1.000000000000000e+00	9009
205	1.000000000000000e+00	9009
206	1.000000000000000e+00	9009
207	1.000000000000000e+00	9009
208	1.000000000000000e+00	9009
209	1.000000000000000e+00	9009
210	1.000000000000000e+00	9009
211	1.000000000000000e+00	9009
212	1.000000000000000e+00	9009
213	1.000000000000000e+00	9009
214	1.000000000000000e+00	9009
215	1.000000000000000e+00	9009
216	1.000000000000000e+00	9009
217	1.000000000000000e+00	9009
218	1.000000000000000e+00	9009
219	1.000000000000000e+00	9009
220	1.000000000000000e+00	9009
221	1.000000000000000e+00	9009
222	1.000000000000000e+00	9009
223	1.000000000000000e+00	9009
224	1.000000000000000e+00	9009
225	1.000000000000000e+00	9009
226	1.000000000000000e+00	9009
227	1.000000000000000e+00	9009
228	1.000000000000000e+00	9009
229	1.000000000000000e+00	9009
230	1.000000000000000e+00	9009
231	1.000000000000000e+00	9009
232	1.000000000000000e+00	9009
233	1.000000000000000e+00	9009
234	1.000000000000000e+00	9009
235	1.000000000000000e+00	9009
236	1.000000000000000e+00	9009
237	1.000000000000000e+00	9009
238	1.000000000000000e+00	9009
239	1.000000000000000e+00	9009
240	1.000000000000000e+00	9009
241	1.000000000000000e+00	9009
242	1.000000000000000e+00	9009
243	1.000000000000000e+00	9009
244	1.000000000000000e+00	9009
245	1.000000000000000e+00	9009
246	1.000000000000000e+00	9009
247	1.000000000000000e+00	9009
248	1.000000000000000e+00	9009
249	1.000000000000000e+00	9009
250	1.000000000000000e+00	9009
251	1.000000000000000e+00	9009
252	1.000000000000000e+00	9009
253	1.000000000000000e+00	9009
254	1.000000000000000e+00	9009
255	1.000000000000000e+00	9009
256	1.000000000000000e+00	9009
257	1.000000000000000e+00	9009
258	1.000000000000000e+00	9009
259	1.000000000000000e+00	9009
260	1.000000000000000e+00	9009
261	1.000000000000000e+00	9009
262	1.000000000000000e+00	9009
263	1.000000000000000e+00	9009
264	1.000000000000000e+00	9009
265	1.000000000000000e+00	9009
266	1.000000000000000e+00	9009
267	1.000000000000000e+00	9009
268	1.000000000000000e+00	9009
269	1.000000000000000e+00	9009
270	1.000000000000000e+00	9009
271	1.000000000000000e+00	9009
272	1.000000000000000e+00	9009
273	1.000000000000000e+00	9009
274	1.000000000000000e+00	9009
275	1.000000000000000e+00	9009
276	1.000000000000000e+00	9009
277	1.000000000000000e+00	9009
278	1.000000000000000e+00	9009
279	1.000000000000000e+00	9009
280	1.000000000000000e+00	9009
281	1.000000000000000e+00	9009
282	1.000000000000000e+00	9009
283	1.000000000000000e+00	9009
284	1.000000000000000e+00	9009
285	1.000000000000000e+00	9009
286	1.000000000000000e+00	9009
287	1.000000000000000e+00	9009
288	1.000000000000000e+00	9009
289	1.000000000000000e+00	9009
290	1.000000000000000e+00	9009
291	1.000000000000000e+00	9009
292	1.000000000000000e+00	9009
293	1.000000000000000e+00	9009
294	1.000000000000000e+00	9009
295	1.000000000000000e+00	9009
296	1.000000000000000e+00	9009
297	1.000000000000000e+00	9009
298	1.000000000000000e+00	9009
299	1.000000000000000e+00	9009
300	1.000000000000000e+00	9009
301	1.000000000000000e+00	9009
302	1.000000000000000e+00	9009
303	1.000000000000000e+00	9009
304	1.000000000000000e+00	9009
305	1.000000000000000e+00	9009
306	1.000000000000000e+00	9009
307	1.000000000000000e+00	9009
308	1.000000000000000e+00	9009
309	1.000000000000000e+00	9009
310	1.000000000000000e+00	9009
311	1.000000000000000e+00	9009
312	1.000000000000000e+00	9009
313	1.000000000000000e+00	9009
314	1.000000000000000e+00	9009
315	1.000000000000000e+00	9009
316	1.000000000000000e+00	9009
317	1.000000000000000e+00	9009
318	1.000000000000000e+00	9009
319	1.000000000000000e+00	9009
320	1.000000000000000e+00	9009
321	1.000000000000000e+00	9009
322	1.000000000000000e+00	9009
323	1.000000000000000e+00	9009
324	1.000000000000000e+00	9009
325	1.000000000000000e+00	9009
326	1.000000000000000e+00	9009
327	1.000000000000000e+00	9009
328	1.000000000000000e+00	9009
329	1.000000000000000e+00	9009
330	1.000000000000000e+00	9009
331	1.000000000000000e+00	9009
332	1.000000000000000e+00	9009
333	1.000000000000000e+00	9009
334	1.000000000000000e+00	9009
335	1.000000000000000e+00	9009
336	1.000000000000000e+00	9009
337	1.000000000000000e+00	9009
338	1.000000000000000e+00	9009
339	1.000000000000000e+00	9009
340	1.000000000000000e+00	9009
341	1.000000000000000e+00	9009
342	1.000000000000000e+00	9009
343	1.000000000000000e+00	9009
344	1.000000000000000e+00	9009
345	1.000000000000000e+00	9009
346	1.000000000000000e+00	9009
347	1.000000000000000e+00	9009
348	1.000000000000000e+00	9009
349	1.000000000000000e+00	9009
350	1.000000000000000e+00	9009
351	1.000000000000000e+00	9009
352	1.000000000000000e+00	9009
353	1.000000000000000e+00	9009
354	1.000000000000000e+00	9009
355	1.000000000000000e+00	9009
356	1.000000000000000e+00	9009
357	1.000000000000000e+00	9009
358	1.000000000000000e+00	9009
359	1.000000000000000e+00	9009
360	1.000000000000000e+00	9009
361	1.000000000000000e+00	9009
362	1.000000000000000e+00	9009
363	1.000000000000000e+00	9009
364	1.000000000000000e+00	9009
365	1.000000000000000e+00	9009
366	1.000000000000000e+00	9009
367	1.000000000000000e+00	9009
368	1.000000000000000e+00	9009
369	1.000000000000000e+00	9009
370	1.000000000000000e+00	9009
371	1.000000000000000e+00	9009
372	1.000000000000000e+00	9009
373	1.000000000000000e+00	9009
374	1.000000000000000e+00	9009
375	1.000000000000000e+00	9009
376	1.000000000000000e+00	9009
377	1.000000000000000e+00	9009
378	1.000000000000000e+00	9009
379	1.000000000000000e+00	9009
380	1.000000000000000e+00	9009
381	1.000000000000000e+00	9009
382	1.000000000000000e+00	9009
383	1.000000000000000e+00	9009
384	1.000000000000000e+00	9009
385	1.000000000000000e+00	9009
386	1.000000000000000e+00	9009
387	1.000000000000000e+00	9009
388	1.000000000000000e+00	9009
389	1.000000000000000e+00	9009
390	1.000000000000000e+00	9009
391	1.000000000000000e+00	9009
392	1.000000000000000e+00	9009
393	1.000000000000000e+00	9009
394	1.000000000000000e+00	9009
395	1.000000000000000e+00	9009
396	1.000000000000000e+00	9009
397	1.000000000000000e+00	9009
398	1.000000000000000e+00	9009
399	1.000000000000000e+00	9009
400	1.000000000000000e+00	9009
401	1.000000000000000e+00	9009
402	1.000000000000000e+00	9009
403	1.000000000000000e+00	9009
404	1.000000000000000e+00	9009
405	1.000000000000000e+00	9009
406	1.000000000000000e+00	9009
407	1.000000000000000e+00	9009
408	1.000000000000000e+00	9009
409	1.000000000000000e+00	9009
410	1.000000000000000e+00	9009
411	1.000000000000000e+00	9009
412	1.000000000000000e+00	9009
413	1.000000000000000e+00	9009
414	1.000000000000000e+00	9009
415	1.000000000000000e+00	9009
416	1.000000000000000e+00	9009
417	1.000000000000000e+00	9009
418	1.000000000000000e+00	9009
419	1.000000000000000e+00	9009
420	1.000000000000000e+00	9009
421	1.000000000000000e+00	9009
422	1.000000000000000e+00	9009
423	1.000000000000000e+00	9009
424	1.000000000000000e+00	9009
425	1.000000000000000e+00	9009
426	1.000000000000000e+00	9009
427	1.000000000000000e+00	9009
428	1.000000000000000e+00	9009
429	1.000000000000000e+00	9009
430	1.000000000000000e+00	9009
431	1.000000000000000e+00	9009
432	1.000000000000000e+00	9009
433	1.000000000000000e+00	9009
434	1.000000000000000e+00	9009
435	1.000000000000000e+00	9009
436	1.000000000000000e+00	9009
437	1.000000000000000e+00	9009
438	1.000000000000000e+00	9009
439	1.000000000000000e+00	9009
440	1.000000000000000e+00	9009
441	1.000000000000000e+00	9009
442	1.000000000000000e+00	9009
443	1.000000000000000e+00	9009
444	1.000000000000000e+00	9009
445	1.000000000000000e+00	9009
446	1.000000000000000e+00	9009
447	1.000000000000000e+00	9009
448	1.000000000000000e+00	9009
449	1.000000000000000e+00	9009
450	1.000000000000000e+00	9009
451	1.000000000000000e+00	9009
452	1.000000000000000e+00	9009
453	1.000000000000000e+00	9009
454	1.000000000000000e+00	9009
455	1.000000000000000e+00	9009
456	1.000000000000000e+00	9009
457	1.000000000000000e+00	9009
458	1.000000000000000e+00	9009
459	1.000000000000000e+00	9009
460	1.000000000000000e+00	9009
461	1.000000000000000e+00	9009
462	1.000000000000000e+00	9009
463	1.000000000000000e+00	9009
464	1.000000000000000e+00	9009
465	1.000000000000000e+00	9009
466	1.000000000000000e+00	9009
467	1.000000000000000e+00	9009
468	1.000000000000000e+00	9009
469	1.000000000000000e+00	9009
470	1.000000000000000e+00	9009
471	1.000000000000000e+00	9009
472	1.000000000000000e+00	9009
473	1.000000000000000e+00	9009
474	1.000000000000000e+00	9009
475	1.000000000000000e+00	9009
476	1.000000000000000e+00	9009
477	1.000000000000000e+00	9009
478	1.000000000000000e+00	9009
479	1.000000000000000e+00	9009
480	1.000000000000000e+00	9009
481	1.000000000000000e+00	9009
482	1.000000000000000e+00	9009
483	1.000000000000000e+00	9009
484	1.000000000000000e+00	9009
485	1.000000000000000e+00	9009
486	1.000000000000000e+00	9009
487	1.000000000000000e+00	9009
488	1.000000000000000e+00	9009
489	1.000000000000000e+00	9009
490	1.000000000000000e+00	9009
491	9.500000000000003e-01	8580
492	9.000000000000002e-01	8151
493	8.490000000000002e-01	11154
494	8.000000000000002e-01	7293
495	7.500000000000001e-01	6864
496	7.000000000000001e-01	6435
497	6.500000000000000e-01	6006
498	6.000000000000000e-01	5577
499	5.499999999999999e-01	5148
500	4.999999999999999e-01	4719
501	5.499999999999999e-01	5148
502	6.000000000000000e-01	5577
503	6.500000000000000e-01	6006
504	7.000000000000001e-01	6435
505	7.500000000000001e-01	6864
506	8.000000000000002e-01	7293
507	8.500000000000002e-01	7722
508	9.000000000000002e-01	8151
509	9.500000000000003e-01	8580
510	9.000000000000002e-01	8151
511	8.500000000000002e-01	7722
512	8.000000000000002e-01	7293
513	7.500000000000001e-01	6864
514	8.000000000000002e-01	7293
515	8.500000000000002e-01	7722
516	9.000000000000002e-01	8151
517	9.500000000000003e-01	8580
518	1.000000000000000e+00	9009
519	1.000000000000000e+00	9009
520	1.000000000000000e+00	9009
521	1.000000000000000e+00	9009
522	1.000000000000000e+00	9009
523	1.000000000000000e+00	9009
524	1.000000000000000e+00	9009
525	1.000000000000000e+00	9009
526	1.000000000000000e+00	9009
527	1.000000000000000e+00	9009
528	1.000000000000000e+00	9009
529	1.000000000000000e+00	9009
530	1.000000000000000e+00	9009
531	1.000000000000000e+00	9009
532	1.000000000000000e+00	9009
533	1.000000000000000e+00	9009
534	1.000000000000000e+00	9009
535	1.000000000000000e+00	9009
536	1.000000000000000e+00	9009
537	1.000000000000000e+00	9009
538	1.000000000000000e+00	9009
539	1.000000000000000e+00	9009
540	1.000000000000000e+00	9009
541	1.000000000000000e+00	9009
542	1.000000000000000e+00	9009
543	1.000000000000000e+00	9009
544	1.000000000000000e+00	9009
545	1.000000000000000e+00	9009
546	1.000000000000000e+00	9009
547	1.000000000000000e+00	9009
548	1.000000000000000e+00	9009
549	1.000000000000000e+00	9009
550	1.000000000000000e+00	9009
551	1.000000000000000e+00	9009
552	1.000000000000000e+00	9009
553	1.000000000000000e+00	9009
554	1.000000000000000e+00	9009
555	1.000000000000000e+00	9009
556	1.000000000000000e+00	9009
557	1.000000000000000e+00	9009
558	1.000000000000000e+00	9009
559	1.000000000000000e+00	9009
560	1.000000000000000e+00	9009
561	1.000000000000000e+00	9009
562	1.000000000000000e+00	9009
563	1.000000000000000e+00	9009
564	1.000000000000000e+00	9009
565	1.000000000000000e+00	9009
566	1.000000000000000e+00	9009
567	1.000000000000000e+00	9009
568	1.000000000000000e+00	9009
569	1.000000000000000e+00	9009
570	1.000000000000000e+00	9009
571	1.000000000000000e+00	9009
572	1.000000000000000e+00	9009
573	1.000000000000000e+00	9009
574	1.000000000000000e+00	9009
575	1.000000000000000e+00	9009
576	1.000000000000000e+00	9009
577	1.000000000000000e+00	9009
578	1.000000000000000e+00	9009
579	1.000000000000000e+00	9009
580	1.000000000000000e+00	9009
581	1.000000000000000e+00	9009
582	1.000000000000000e+00	9009
583	1.000000000000000e+00	9009
584	1.000000000000000e+00	9009
585	1.000000000000000e+00	9009
586	1.000000000000000e+00	9009
587	1.000000000000000e+00	9009
588	1.000000000000000e+00	9009
589	1.000000000000000e+00	9009
590	1.000000000000000e+00	9009
591	1.000000000000000e+00	9009
592	1.000000000000000e+00	9009
593	1.000000000000000e+00	9009
594	1.000000000000000e+00	9009
595	1.000000000000000e+00	9009
596	1.000000000000000e+00	9009
597	1.000000000000000e+00	9009
598	1.000000000000000e+00	9009
599	1.000000000000000e+00	9009
600	1.000000000000000e+00	9009
601	1.000000000000000e+00	9009
602	1.000000000000000e+00	9009
603	1.000000000000000e+00	9009
604	1.000000000000000e+00	9009
605	1.000000000000000e+00	9009
606	1.000000000000000e+00	9009
607	1.000000000000000e+00	9009
608	1.000000000000000e+00	9009
609	1.000000000000000e+00	9009
610	1.000000000000000e+00	9009
611	1.000000000000000e+00	9009
612	1.000000000000000e+00	9009
613	1.000000000000000e+00	9009
614	1.000000000000000e+00	9009
615	1.000000000000000e+00	9009
616	1.000000000000000e+00	9009
617	1.000000000000000e+00	9009
618	1.000000000000000e+00	9009
619	1.000000000000000e+00	9009
620	1.000000000000000e+00	9009
621	1.000000000000000e+00	9009
622	1.000000000000000e+00	9009
623	1.000000000000000e+00	9009
624	1.000000000000000e+00	9009
625	1.000000000000000e+00	9009
626	1.000000000000000e+00	9009
627	1.000000000000000e+00	9009
628	1.000000000000000e+00	9009
629	1.000000000000000e+00	9009
630	1.000000000000000e+00	9009
631	1.000000000000000e+00	9009
632	1.000000000000000e+00	9009
633	1.000000000000000e+00	9009
634	1.000000000000000e+00	9009
635	1.000000000000000e+00	9009
636	1.000000000000000e+00	9009
637	1.000000000000000e+00	9009
638	1.000000000000000e+00	9009
639	1.000000000000000e+00	9009
640	1.000000000000000e+00	9009
641	1.000000000000000e+00	9009
642	1.000000000000000e+00	9009
643	1.000000000000000e+00	9009
644	1.000000000000000e+00	9009
645	1.000000000000000e+00	9009
646	1.000000000000000e+00	9009
647	1.000000000000000e+00	9009
648	1.000000000000000e+00	9009
649	1.000000000000000e+00	9009
650	1.000000000000000e+00	9009
651	1.000000000000000e+00	9009
652	1.000000000000000e+00	9009
653	1.000000000000000e+00	9009
654	1.000000000000000e+00	9009
655	1.000000000000000e+00	9009
656	1.000000000000000e+00	9009
657	1.000000000000000e+00	9009
658	1.000000000000000e+00	9009
659	1.000000000000000e+00	9009
660	1.000000000000000e+00	9009
661	1.000000000000000e+00	9009
662	1.000000000000000e+00	9009
663	1.000000000000000e+00	9009
664	1.000000000000000e+00	9009
665	1.000000000000000e+00	9009
666	1.000000000000000e+00	9009
667	1.000000000000000e+00	9009
668	1.000000000000000e+00	9009
669	1.000000000000000e+00	9009
670	1.000000000000000e+00	9009
671	1.000000000000000e+00	9009
672	1.000000000000000e+00	9009
673	1.000000000000000e+00	9009
674	1.000000000000000e+00	9009
675	1.000000000000000e+00	9009
676	1.000000000000000e+00	9009
677	1.000000000000000e+00	9009
678	1.000000000000000e+00	9009
679	1.000000000000000e+00	9009
680	1.000000000000000e+00	9009
681	1.000000000000000e+00	9009
682	1.000000000000000e+00	9009
683	1.000000000000000e+00	9009
684	1.000000000000000e+00	9009
685	1.000000000000000e+00	9009
686	1.000000000000000e+00	9009
687	1.000000000000000e+00	9009
688	1.000000000000000e+00	9009
689	1.000000000000000e+00	9009
690	1.000000000000000e+00	9009
691	1.000000000000000e+00	9009
692	1.000000000000000e+00	9009
693	1.000000000000000e+00	9009
694	1.000000000000000e+00	9009
695	1.000000000000000e+00	9009
696	1.000000000000000e+00	9009
697	1.000000000000000e+00	9009
698	1.000000000000000e+00	9009
699	1.000000000000000e+00	9009
700	1.000000000000000e+00	9009
701	1.000000000000000e+00	9009
702	1.000000000000000e+00	9009
703	1.000000000000000e+00	9009
704	1.000000000000000e+00	9009
705	1.000000000000000e+00	9009
706	1.000000000000000e+00	9009
707	1.000000000000000e+00	9009
708	1.000000000000000e+00	9009
709	1.000000000000000e+00	9009
710	1.000000000000000e+00	9009
711	1.000000000000000e+00	9009
712	1.000000000000000e+00	9009
713	1.000000000000000e+00	9009
714	1.000000000000000e+00	9009
715	1.000000000000000e+00	9009
716	1.000000000000000e+00	9009
717	1.000000000000000e+00	9009
718	1.000000000000000e+00	9009
719	1.000000000000000e+00	9009
720	1.000000000000000e+00	9009
721	1.000000000000000e+00	9009
722	1.000000000000000e+00	9009
723	1.000000000000000e+00	9009
724	1.000000000000000e+00	9009
725	1.000000000000000e+00	9009
726	1.000000000000000e+00	9009
727	1.000000000000000e+00	9009
728	1.000000000000000e+00	9009
729	1.000000000000000e+00	9009
730	1.000000000000000e+00	9009
731	1.000000000000000e+00	9009
732	1.000000000000000e+00	9009
733	1.000000000000000e+00	9009
734	1.000000000000000e+00	9009
735	1.000000000000000e+00	9009
736	1.000000000000000e+00	9009
737	1.000000000000000e+00	9009
738	1.000000000000000e+00	9009
739	1.000000000000000e+00	9009
740	1.000000000000000e+00	9009
741	1.000000000000000e+00	9009
742	1.000000000000000e+00	9009
743	1.000000000000000e+00	9009
744	1.000000000000000e+00	9009
745	1.000000000000000e+00	9009
746	1.000000000000000e+00	9009
747	1.000000000000000e+00	9009
748	1.000000000000000e+00	9009
749	1.000000000000000e+00	9009
750	1.000000000000000e+00	9009
751	1.000000000000000e+00	9009
752	1.000000000000000e+00	9009
753	1.000000000000000e+00	9009
754	1.000000000000000e+00	9009
755	1.000000000000000e+00	9009
756	1.000000000000000e+00	9009
757	1.000000000000000e+00	9009
758	1.000000000000000e+00	9009
759	1.000000000000000e+00	9009
760	1.000000000000000e+00	9009
761	1.000000000000000e+00	9009
762	1.000000000000000e+00	9009
763	1.000000000000000e+00	9009
764	1.000000000000000e+00	9009
765	1.000000000000000e+00	9009
766	1.000000000000000e+00	9009
767	1.000000000000000e+00	9009
768	1.000000000000000e+00	9009
769	1.000000000000000e+00	9009
770	1.000000000000000e+00	9009
771	1.000000000000000e+00	9009
772	1.000000000000000e+00	9009
773	1.000000000000000e+00	9009
774	1.000000000000000e+00	9009
775	1.000000000000000e+00	9009
776	1.000000000000000e+00	9009
777	1.000000000000000e+00	9009
778	1.000000000000000e+00	9009
779	1.000000000000000e+00	9009
780	1.000000000000000e+00	9009
781	1.000000000000000e+00	9009
782	1.000000000000000e+00	9009
783	1.000000000000000e+00	9009
784	1.000000000000000e+00	9009
785	1.000000000000000e+00	9009
786	1.000000000000000e+00	9009
787	1.000000000000000e+00	9009
788	1.000000000000000e+00	9009
789	1.000000000000000e+00	9009
790	1.000000000000000e+00	9009
791	1.000000000000000e+00	9009
792	1.000000000000000e+00	9009
793	1.000000000000000e+00	9009
794	1.000000000000000e+00	9009
795	1.000000000000000e+00	9009
796	1.000000000000000e+00	9009
797	1.000000000000000e+00	9009
798	1.000000000000000e+00	9009
799	1.000000000000000e+00	9009
800	1.000000000000000e+00	9009
801	1.000000000000000e+00	9009
802	1.000000000000000e+00	9009
803	1.000000000000000e+00	9009
804	1.000000000000000e+00	9009
805	1.000000000000000e+00	9009
806	1.000000000000000e+00	9009
807	1.000000000000000e+00	9009
808	1.000000000000000e+00	9009
809	1.000000000000000e+00	9009
810	1.000000000000000e+00	9009
811	1.000000000000000e+00	9009
812	1.000000000000000e+00	9009
813	1.000000000000000e+00	9009
814	1.000000000000000e+00	9009
815	1.000000000000000e+00	9009
816	1.000000000000000e+00	9009
817	1.000000000000000e+00	9009
818	1.000000000000000e+00	9009
819	1.000000000000000e+00	9009
820	1.000000000000000e+00	9009
821	1.000000000000000e+00	9009
822	1.000000000000000e+00	9009
823	1.000000000000000e+00	9009
824	1.000000000000000e+00	9009
825	1.000000000000000e+00	9009
826	1.000000000000000e+00	9009
827	1.000000000000000e+00	9009
828	1.000000000000000e+00	9009
829	1.000000000000000e+00	9009
830	1.000000000000000e+00	9009
831	1.000000000000000e+00	9009
832	1.000000000000000e+00	9009
833	1.000000000000000e+00	9009
834	1.000000000000000e+00	9009
835	1.000000000000000e+00	9009
836	1.000000000000000e+00	9009
837	1.000000000000000e+00	9009
838	1.000000000000000e+00	9009
839	1.000000000000000e+00	9009
840	1.000000000000000e+00	9009
841	1.000000000000000e+00	9009
842	1.000000000000000e+00	9009
843	1.000000000000000e+00	9009
844	1.000000000000000e+00	9009
845	1.000000000000000e+00	9009
846	1.000000000000000e+00	9009
847	1.000000000000000e+00	9009
848	1.000000000000000e+00	9009
849	1.000000000000000e+00	9009
850	1.000000000000000e+00	9009
851	1.000000000000000e+00	9009
852	1.000000000000000e+00	9009
853	1.000000000000000e+00	9009
854	1.000000000000000e+00	9009
855	1.000000000000000e+00	9009
856	1.000000000000000e+00	9009
857	1.000000000000000e+00	9009
858	1.000000000000000e+00	9009
859	1.000000000000000e+00	9009
860	1.000000000000000e+00	9009
861	1.000000000000000e+00	9009
862	1.000000000000000e+00	9009
863	1.000000000000000e+00	9009
864	1.000000000000000e+00	9009
865	1.000000000000000e+00	9009
866	1.000000000000000e+00	9009
867	1.000000000000000e+00	9009
868	1.000000000000000e+00	9009
869	1.000000000000000e+00	9009
870	1.000000000000000e+00	9009
871	1.000000000000000e+00	9009
872	1.000000000000000e+00	9009
873	1.000000000000000e+00	9009
874	1.000000000000000e+00	9009
875	1.000000000000000e+00	9009
876	1.000000000000000e+00	9009
877	1.000000000000000e+00	9009
878	1.000000000000000e+00	9009
879	1.000000000000000e+00	9009
880	1.000000000000000e+00	9009
881	1.000000000000000e+00	9009
882	1.000000000000000e+00	9009
883	1.000000000000000e+00	9009
884	1.000000000000000e+00	9009
885	1.000000000000000e+00	9009
886	1.000000000000000e+00	9009
887	1.000000000000000e+00	9009
888	1.000000000000000e+00	9009
889	1.000000000000000e+00	9009
890	1.000000000000000e+00	9009
891	1.000000000000000e+00	9009
892	1.000000000000000e+00	9009
893	1.000000000000000e+00	9009
894	1.000000000000000e+00	9009
895	1.000000000000000e+00	9009
896	1.000000000000000e+00	9009
897	1.000000000000000e+00	9009
898	1.000000000000000e+00	9009
899	1.000000000000000e+00	9009
900	1.000000000000000e+00	9009
901	1.000000000000000e+00	9009
902	1.000000000000000e+00	9009
903	1.000000000000000e+00	9009
904	1.000000000000000e+00	9009
905	1.000000000000000e+00	9009
906	1.000000000000000e+00	9009
907	1.000000000000000e+00	9009
908	1.000000000000000e+00	9009
909	1.000000000000000e+00	9009
910	1.000000000000000e+00	9009
911	1.000000000000000e+00	9009
912	1.000000000000000e+00	9009
913	1.000000000000000e+00	9009
914	1.000000000000000e+00	9009
915	1.000000000000000e+00	9009
916	1.000000000000000e+00	9009
917	1.000000000000000e+00	9009
918	1.000000000000000e+00	9009
919	1.000000000000000e+00	9009
920	1.000000000000000e+00	9009
921	1.000000000000000e+00	9009
922	1.000000000000000e+00	9009
923	1.000000000000000e+00	9009
924	1.000000000000000e+00	9009
925	1.000000000000000e+00	9009
926	1.000000000000000e+00	9009
927	1.000000000000000e+00	9009
928	1.000000000000000e+00	9009
929	1.000000000000000e+00	9009
930	1.000000000000000e+00	9009
931	1.000000000000000e+00	9009
932	1.000000000000000e+00	9009
933	1.000000000000000e+00	9009
934	1.000000000000000e+00	9009
935	1.000000000000000e+00	9009
936	1.000000000000000e+00	9009
937	1.000000000000000e+00	9009
938	1.000000000000000e+00	9009
939	1.000000000000000e+00	9009
940	1.000000000000000e+00	9009
941	1.000000000000000e+00	9009
942	1.000000000000000e+00	9009
943	1.000000000000000e+00	9009
944	1.000000000000000e+00	9009
945	1.000000000000000e+00	9009
946	1.000000000000000e+00	9009
947	1.000000000000000e+00	9009
948	1.000000000000000e+00	9009
949	1.000000000000000e+00	9009
950	1.000000000000000e+00	9009
951	1.000000000000000e+00	9009
952	1.000000000000000e+00	9009
953	1.000000000000000e+00	9009
954	1.000000000000000e+00	9009
955	1.000000000000000e+00	9009
956	1.000000000000000e+00	9009
957	1.000000000000000e+00	9009
958	1.000000000000000e+00	9009
959	1.000000000000000e+00	9009
960	1.000000000000000e+00	9009
961	1.000000000000000e+00	9009
962	1.000000000000000e+00	9009
963	1.000000000000000e+00	9009
964	1.000000000000000e+00	9009
965	1.000000000000000e+00	9009
966	1.000000000000000e+00	9009
967	1.000000000000000e+00	9009
968	1.000000000000000e+00	9009
969	1.000000000000000e+00	9009
970	1.000000000000000e+00	9009
971	1.000000000000000e+00	9009
972	1.000000000000000e+00	9009
973	1.000000000000000e+00	9009
974	1.000000000000000e+00	9009
975	1.000000000000000e+00	9009
976	1.000000000000000e+00	9009
977	1.000000000000000e+00	9009
978	1.000000000000000e+00	9009
979	1.000000000000000e+00	9009
980	1.000000000000000e+00	9009
981	1.000000000000000e+00	9009
982	1.000000000000000e+00	9009
983	1.000000000000000e+00	9009
984	1.000000000000000e+00	9009
985	1.000000000000000e+00	9009
986	1.000000000000000e+00	9009
987	1.000000000000000e+00	9009
988	1.000000000000000e+00	9009
989	1.000000000000000e+00	9009
990	1.000000000000000e+00	9009
991	1.000000000000000e+00	9009
992	1.000000000000000e+00	9009
993	1.000000000000000e+00	9009
994	1.000000000000000e+00	9009
995	1.000000000000000e+00	9009
996	1.000000000000000e+00	9009
997	1.000000000000000e+00	9009
998	1.000000000000000e+00	9009
999	1.000000000000000e+00	9009
1000	1.000000000000000e+00	9009


Tempo gasto: 8.398729
