Método usado: C-GRASP

POSIÇÃO	ÁREA(mm²)	CUSTO

1	1.000000000000000e+00	4872
2	1.000000000000000e+00	4872
3	1.000000000000000e+00	4872
4	1.000000000000000e+00	4872
5	1.000000000000000e+00	4872
6	1.000000000000000e+00	4872
7	1.000000000000000e+00	4872
8	1.000000000000000e+00	4872
9	1.000000000000000e+00	4872
10	1.000000000000000e+00	4872
11	1.000000000000000e+00	4872
12	1.000000000000000e+00	4872
13	1.000000000000000e+00	4872
14	1.000000000000000e+00	4872
15	1.000000000000000e+00	4872
16	1.000000000000000e+00	4872
17	1.000000000000000e+00	4872
18	1.000000000000000e+00	4872
19	1.000000000000000e+00	4872
20	1.000000000000000e+00	4872
21	1.000000000000000e+00	4872
22	1.000000000000000e+00	4872
23	1.000000000000000e+00	4872
24	1.000000000000000e+00	4872
25	1.000000000000000e+00	4872
26	1.000000000000000e+00	4872
27	1.000000000000000e+00	4872
28	1.000000000000000e+00	4872
29	1.000000000000000e+00	4872
30	1.000000000000000e+00	4872
31	1.000000000000000e+00	4872
32	1.000000000000000e+00	4872
33	1.000000000000000e+00	4872
34	1.000000000000000e+00	4872
35	1.000000000000000e+00	4872
36	1.000000000000000e+00	4872
37	1.000000000000000e+00	4872
38	1.000000000000000e+00	4872
39	1.000000000000000e+00	4872
40	1.000000000000000e+00	4872
41	1.000000000000000e+00	4872
42	1.000000000000000e+00	4872
43	1.000000000000000e+00	4872
44	1.000000000000000e+00	4872
45	1.000000000000000e+00	4872
46	1.000000000000000e+00	4872
47	1.000000000000000e+00	4872
48	1.000000000000000e+00	4872
49	1.000000000000000e+00	4872
50	1.000000000000000e+00	4872
51	1.000000000000000e+00	4872
52	1.000000000000000e+00	4872
53	1.000000000000000e+00	4872
54	1.000000000000000e+00	4872
55	1.000000000000000e+00	4872
56	1.000000000000000e+00	4872
57	1.000000000000000e+00	4872
58	1.000000000000000e+00	4872
59	1.000000000000000e+00	4872
60	1.000000000000000e+00	4872
61	1.000000000000000e+00	4872
62	1.000000000000000e+00	4872
63	1.000000000000000e+00	4872
64	1.000000000000000e+00	4872
65	1.000000000000000e+00	4872
66	1.000000000000000e+00	4872
67	1.000000000000000e+00	4872
68	1.000000000000000e+00	4872
69	1.000000000000000e+00	4872
70	1.000000000000000e+00	4872
71	1.000000000000000e+00	4872
72	1.000000000000000e+00	4872
73	1.000000000000000e+00	4872
74	1.000000000000000e+00	4872
75	1.000000000000000e+00	4872
76	1.000000000000000e+00	4872
77	1.000000000000000e+00	4872
78	1.000000000000000e+00	4872
79	1.000000000000000e+00	4872
80	1.000000000000000e+00	4872
81	1.000000000000000e+00	4872
82	1.000000000000000e+00	4872
83	1.000000000000000e+00	4872
84	1.000000000000000e+00	4872
85	1.000000000000000e+00	4872
86	1.000000000000000e+00	4872
87	1.000000000000000e+00	4872
88	1.000000000000000e+00	4872
89	1.000000000000000e+00	4872
90	1.000000000000000e+00	4872
91	1.000000000000000e+00	4872
92	1.000000000000000e+00	4872
93	1.000000000000000e+00	4872
94	1.000000000000000e+00	4872
95	1.000000000000000e+00	4872
96	1.000000000000000e+00	4872
97	1.000000000000000e+00	4872
98	1.000000000000000e+00	4872
99	1.000000000000000e+00	4872
100	1.000000000000000e+00	4872
101	1.000000000000000e+00	4872
102	1.000000000000000e+00	4872
103	1.000000000000000e+00	4872
104	1.000000000000000e+00	4872
105	1.000000000000000e+00	4872
106	1.000000000000000e+00	4872
107	1.000000000000000e+00	4872
108	1.000000000000000e+00	4872
109	1.000000000000000e+00	4872
110	1.000000000000000e+00	4872
111	1.000000000000000e+00	4872
112	1.000000000000000e+00	4872
113	1.000000000000000e+00	4872
114	1.000000000000000e+00	4872
115	1.000000000000000e+00	4872
116	1.000000000000000e+00	4872
117	1.000000000000000e+00	4872
118	1.000000000000000e+00	4872
119	1.000000000000000e+00	4872
120	1.000000000000000e+00	4872
121	1.000000000000000e+00	4872
122	1.000000000000000e+00	4872
123	1.000000000000000e+00	4872
124	1.000000000000000e+00	4872
125	1.000000000000000e+00	4872
126	1.000000000000000e+00	4872
127	1.000000000000000e+00	4872
128	1.000000000000000e+00	4872
129	1.000000000000000e+00	4872
130	1.000000000000000e+00	4872
131	1.000000000000000e+00	4872
132	1.000000000000000e+00	4872
133	1.000000000000000e+00	4872
134	1.000000000000000e+00	4872
135	1.000000000000000e+00	4872
136	1.000000000000000e+00	4872
137	1.000000000000000e+00	4872
138	1.000000000000000e+00	4872
139	1.000000000000000e+00	4872
140	1.000000000000000e+00	4872
141	1.000000000000000e+00	4872
142	1.000000000000000e+00	4872
143	1.000000000000000e+00	4872
144	1.000000000000000e+00	4872
145	1.000000000000000e+00	4872
146	1.000000000000000e+00	4872
147	1.000000000000000e+00	4872
148	1.000000000000000e+00	4872
149	1.000000000000000e+00	4872
150	1.000000000000000e+00	4872
151	1.000000000000000e+00	4872
152	1.000000000000000e+00	4872
153	1.000000000000000e+00	4872
154	1.000000000000000e+00	4872
155	1.000000000000000e+00	4872
156	1.000000000000000e+00	4872
157	1.000000000000000e+00	4872
158	1.000000000000000e+00	4872
159	1.000000000000000e+00	4872
160	1.000000000000000e+00	4872
161	1.000000000000000e+00	4872
162	1.000000000000000e+00	4872
163	1.000000000000000e+00	4872
164	1.000000000000000e+00	4872
165	1.000000000000000e+00	4872
166	1.000000000000000e+00	4872
167	1.000000000000000e+00	4872
168	1.000000000000000e+00	4872
169	1.000000000000000e+00	4872
170	1.000000000000000e+00	4872
171	1.000000000000000e+00	4872
172	1.000000000000000e+00	4872
173	1.000000000000000e+00	4872
174	1.000000000000000e+00	4872
175	1.000000000000000e+00	4872
176	1.000000000000000e+00	4872
177	1.000000000000000e+00	4872
178	1.000000000000000e+00	4872
179	1.000000000000000e+00	4872
180	1.000000000000000e+00	4872
181	1.000000000000000e+00	4872
182	1.000000000000000e+00	4872
183	1.000000000000000e+00	4872
184	1.000000000000000e+00	4872
185	1.000000000000000e+00	4872
186	1.000000000000000e+00	4872
187	1.000000000000000e+00	4872
188	1.000000000000000e+00	4872
189	1.000000000000000e+00	4872
190	1.000000000000000e+00	4872
191	1.000000000000000e+00	4872
192	1.000000000000000e+00	4872
193	1.000000000000000e+00	4872
194	1.000000000000000e+00	4872
195	1.000000000000000e+00	4872
196	1.000000000000000e+00	4872
197	1.000000000000000e+00	4872
198	1.000000000000000e+00	4872
199	1.000000000000000e+00	4872
200	1.000000000000000e+00	4872
201	1.000000000000000e+00	4872
202	1.000000000000000e+00	4872
203	1.000000000000000e+00	4872
204	1.000000000000000e+00	4872
205	1.000000000000000e+00	4872
206	1.000000000000000e+00	4872
207	1.000000000000000e+00	4872
208	1.000000000000000e+00	4872
209	1.000000000000000e+00	4872
210	1.000000000000000e+00	4872
211	1.000000000000000e+00	4872
212	1.000000000000000e+00	4872
213	1.000000000000000e+00	4872
214	1.000000000000000e+00	4872
215	1.000000000000000e+00	4872
216	1.000000000000000e+00	4872
217	1.000000000000000e+00	4872
218	1.000000000000000e+00	4872
219	1.000000000000000e+00	4872
220	1.000000000000000e+00	4872
221	1.000000000000000e+00	4872
222	1.000000000000000e+00	4872
223	1.000000000000000e+00	4872
224	1.000000000000000e+00	4872
225	1.000000000000000e+00	4872
226	1.000000000000000e+00	4872
227	1.000000000000000e+00	4872
228	1.000000000000000e+00	4872
229	1.000000000000000e+00	4872
230	1.000000000000000e+00	4872
231	1.000000000000000e+00	4872
232	1.000000000000000e+00	4872
233	1.000000000000000e+00	4872
234	1.000000000000000e+00	4872
235	1.000000000000000e+00	4872
236	1.000000000000000e+00	4872
237	1.000000000000000e+00	4872
238	1.000000000000000e+00	4872
239	1.000000000000000e+00	4872
240	1.000000000000000e+00	4872
241	1.000000000000000e+00	4872
242	1.000000000000000e+00	4872
243	1.000000000000000e+00	4872
244	1.000000000000000e+00	4872
245	1.000000000000000e+00	4872
246	1.000000000000000e+00	4872
247	1.000000000000000e+00	4872
248	1.000000000000000e+00	4872
249	1.000000000000000e+00	4872
250	1.000000000000000e+00	4872
251	1.000000000000000e+00	4872
252	1.000000000000000e+00	4872
253	1.000000000000000e+00	4872
254	1.000000000000000e+00	4872
255	1.000000000000000e+00	4872
256	1.000000000000000e+00	4872
257	1.000000000000000e+00	4872
258	1.000000000000000e+00	4872
259	1.000000000000000e+00	4872
260	1.000000000000000e+00	4872
261	1.000000000000000e+00	4872
262	1.000000000000000e+00	4872
263	1.000000000000000e+00	4872
264	1.000000000000000e+00	4872
265	1.000000000000000e+00	4872
266	1.000000000000000e+00	4872
267	1.000000000000000e+00	4872
268	1.000000000000000e+00	4872
269	1.000000000000000e+00	4872
270	1.000000000000000e+00	4872
271	1.000000000000000e+00	4872
272	1.000000000000000e+00	4872
273	1.000000000000000e+00	4872
274	1.000000000000000e+00	4872
275	1.000000000000000e+00	4872
276	1.000000000000000e+00	4872
277	1.000000000000000e+00	4872
278	1.000000000000000e+00	4872
279	1.000000000000000e+00	4872
280	1.000000000000000e+00	4872
281	1.000000000000000e+00	4872
282	1.000000000000000e+00	4872
283	1.000000000000000e+00	4872
284	1.000000000000000e+00	4872
285	1.000000000000000e+00	4872
286	1.000000000000000e+00	4872
287	1.000000000000000e+00	4872
288	1.000000000000000e+00	4872
289	1.000000000000000e+00	4872
290	1.000000000000000e+00	4872
291	1.000000000000000e+00	4872
292	1.000000000000000e+00	4872
293	1.000000000000000e+00	4872
294	1.000000000000000e+00	4872
295	1.000000000000000e+00	4872
296	1.000000000000000e+00	4872
297	1.000000000000000e+00	4872
298	1.000000000000000e+00	4872
299	1.000000000000000e+00	4872
300	1.000000000000000e+00	4872
301	1.000000000000000e+00	4872
302	1.000000000000000e+00	4872
303	1.000000000000000e+00	4872
304	1.000000000000000e+00	4872
305	1.000000000000000e+00	4872
306	1.000000000000000e+00	4872
307	1.000000000000000e+00	4872
308	1.000000000000000e+00	4872
309	1.000000000000000e+00	4872
310	1.000000000000000e+00	4872
311	1.000000000000000e+00	4872
312	1.000000000000000e+00	4872
313	1.000000000000000e+00	4872
314	1.000000000000000e+00	4872
315	1.000000000000000e+00	4872
316	1.000000000000000e+00	4872
317	1.000000000000000e+00	4872
318	1.000000000000000e+00	4872
319	1.000000000000000e+00	4872
320	1.000000000000000e+00	4872
321	1.000000000000000e+00	4872
322	1.000000000000000e+00	4872
323	1.000000000000000e+00	4872
324	1.000000000000000e+00	4872
325	1.000000000000000e+00	4872
326	1.000000000000000e+00	4872
327	1.000000000000000e+00	4872
328	1.000000000000000e+00	4872
329	1.000000000000000e+00	4872
330	1.000000000000000e+00	4872
331	1.000000000000000e+00	4872
332	1.000000000000000e+00	4872
333	1.000000000000000e+00	4872
334	1.000000000000000e+00	4872
335	1.000000000000000e+00	4872
336	1.000000000000000e+00	4872
337	1.000000000000000e+00	4872
338	1.000000000000000e+00	4872
339	1.000000000000000e+00	4872
340	1.000000000000000e+00	4872
341	1.000000000000000e+00	4872
342	1.000000000000000e+00	4872
343	1.000000000000000e+00	4872
344	1.000000000000000e+00	4872
345	1.000000000000000e+00	4872
346	1.000000000000000e+00	4872
347	1.000000000000000e+00	4872
348	1.000000000000000e+00	4872
349	1.000000000000000e+00	4872
350	1.000000000000000e+00	4872
351	1.000000000000000e+00	4872
352	1.000000000000000e+00	4872
353	1.000000000000000e+00	4872
354	1.000000000000000e+00	4872
355	1.000000000000000e+00	4872
356	1.000000000000000e+00	4872
357	1.000000000000000e+00	4872
358	1.000000000000000e+00	4872
359	1.000000000000000e+00	4872
360	1.000000000000000e+00	4872
361	1.000000000000000e+00	4872
362	1.000000000000000e+00	4872
363	1.000000000000000e+00	4872
364	1.000000000000000e+00	4872
365	1.000000000000000e+00	4872
366	1.000000000000000e+00	4872
367	1.000000000000000e+00	4872
368	1.000000000000000e+00	4872
369	1.000000000000000e+00	4872
370	1.000000000000000e+00	4872
371	1.000000000000000e+00	4872
372	1.000000000000000e+00	4872
373	1.000000000000000e+00	4872
374	1.000000000000000e+00	4872
375	1.000000000000000e+00	4872
376	1.000000000000000e+00	4872
377	1.000000000000000e+00	4872
378	1.000000000000000e+00	4872
379	1.000000000000000e+00	4872
380	1.000000000000000e+00	4872
381	1.000000000000000e+00	4872
382	1.000000000000000e+00	4872
383	1.000000000000000e+00	4872
384	1.000000000000000e+00	4872
385	1.000000000000000e+00	4872
386	1.000000000000000e+00	4872
387	1.000000000000000e+00	4872
388	1.000000000000000e+00	4872
389	1.000000000000000e+00	4872
390	1.000000000000000e+00	4872
391	1.000000000000000e+00	4872
392	1.000000000000000e+00	4872
393	1.000000000000000e+00	4872
394	1.000000000000000e+00	4872
395	1.000000000000000e+00	4872
396	1.000000000000000e+00	4872
397	1.000000000000000e+00	4872
398	1.000000000000000e+00	4872
399	1.000000000000000e+00	4872
400	1.000000000000000e+00	4872
401	1.000000000000000e+00	4872
402	1.000000000000000e+00	4872
403	1.000000000000000e+00	4872
404	1.000000000000000e+00	4872
405	1.000000000000000e+00	4872
406	1.000000000000000e+00	4872
407	1.000000000000000e+00	4872
408	1.000000000000000e+00	4872
409	1.000000000000000e+00	4872
410	1.000000000000000e+00	4872
411	1.000000000000000e+00	4872
412	1.000000000000000e+00	4872
413	1.000000000000000e+00	4872
414	1.000000000000000e+00	4872
415	1.000000000000000e+00	4872
416	1.000000000000000e+00	4872
417	1.000000000000000e+00	4872
418	1.000000000000000e+00	4872
419	1.000000000000000e+00	4872
420	1.000000000000000e+00	4872
421	1.000000000000000e+00	4872
422	1.000000000000000e+00	4872
423	1.000000000000000e+00	4872
424	1.000000000000000e+00	4872
425	1.000000000000000e+00	4872
426	1.000000000000000e+00	4872
427	1.000000000000000e+00	4872
428	1.000000000000000e+00	4872
429	1.000000000000000e+00	4872
430	1.000000000000000e+00	4872
431	1.000000000000000e+00	4872
432	1.000000000000000e+00	4872
433	1.000000000000000e+00	4872
434	1.000000000000000e+00	4872
435	1.000000000000000e+00	4872
436	1.000000000000000e+00	4872
437	1.000000000000000e+00	4872
438	1.000000000000000e+00	4872
439	1.000000000000000e+00	4872
440	1.000000000000000e+00	4872
441	1.000000000000000e+00	4872
442	1.000000000000000e+00	4872
443	1.000000000000000e+00	4872
444	1.000000000000000e+00	4872
445	1.000000000000000e+00	4872
446	1.000000000000000e+00	4872
447	1.000000000000000e+00	4872
448	1.000000000000000e+00	4872
449	1.000000000000000e+00	4872
450	1.000000000000000e+00	4872
451	1.000000000000000e+00	4872
452	1.000000000000000e+00	4872
453	1.000000000000000e+00	4872
454	1.000000000000000e+00	4872
455	1.000000000000000e+00	4872
456	1.000000000000000e+00	4872
457	1.000000000000000e+00	4872
458	1.000000000000000e+00	4872
459	1.000000000000000e+00	4872
460	1.000000000000000e+00	4872
461	1.000000000000000e+00	4872
462	1.000000000000000e+00	4872
463	1.000000000000000e+00	4872
464	1.000000000000000e+00	4872
465	1.000000000000000e+00	4872
466	1.000000000000000e+00	4872
467	1.000000000000000e+00	4872
468	1.000000000000000e+00	4872
469	1.000000000000000e+00	4872
470	1.000000000000000e+00	4872
471	1.000000000000000e+00	4872
472	1.000000000000000e+00	4872
473	1.000000000000000e+00	4872
474	1.000000000000000e+00	4872
475	1.000000000000000e+00	4872
476	1.000000000000000e+00	4872
477	1.000000000000000e+00	4872
478	1.000000000000000e+00	4872
479	1.000000000000000e+00	4872
480	1.000000000000000e+00	4872
481	1.000000000000000e+00	4872
482	1.000000000000000e+00	4872
483	1.000000000000000e+00	4872
484	1.000000000000000e+00	4872
485	1.000000000000000e+00	4872
486	1.000000000000000e+00	4872
487	1.000000000000000e+00	4872
488	1.000000000000000e+00	4872
489	1.000000000000000e+00	4872
490	1.000000000000000e+00	4872
491	9.500000000000003e-01	4640
492	9.000000000000002e-01	4408
493	8.490000000000002e-01	6032
494	8.000000000000002e-01	3944
495	7.500000000000001e-01	3712
496	7.000000000000001e-01	3480
497	6.500000000000000e-01	3248
498	6.000000000000000e-01	3016
499	5.499999999999999e-01	2784
500	4.999999999999999e-01	2552
501	5.499999999999999e-01	2784
502	6.000000000000000e-01	3016
503	6.500000000000000e-01	3248
504	7.000000000000001e-01	3480
505	7.500000000000001e-01	3712
506	8.000000000000002e-01	3944
507	8.500000000000002e-01	4176
508	9.000000000000002e-01	4408
509	9.500000000000003e-01	4640
510	9.000000000000002e-01	4408
511	8.500000000000002e-01	4176
512	8.000000000000002e-01	3944
513	7.500000000000001e-01	3712
514	8.000000000000002e-01	3944
515	8.500000000000002e-01	4176
516	9.000000000000002e-01	4408
517	9.500000000000003e-01	4640
518	1.000000000000000e+00	4872
519	1.000000000000000e+00	4872
520	1.000000000000000e+00	4872
521	1.000000000000000e+00	4872
522	1.000000000000000e+00	4872
523	1.000000000000000e+00	4872
524	1.000000000000000e+00	4872
525	1.000000000000000e+00	4872
526	1.000000000000000e+00	4872
527	1.000000000000000e+00	4872
528	1.000000000000000e+00	4872
529	1.000000000000000e+00	4872
530	1.000000000000000e+00	4872
531	1.000000000000000e+00	4872
532	1.000000000000000e+00	4872
533	1.000000000000000e+00	4872
534	1.000000000000000e+00	4872
535	1.000000000000000e+00	4872
536	1.000000000000000e+00	4872
537	1.000000000000000e+00	4872
538	1.000000000000000e+00	4872
539	1.000000000000000e+00	4872
540	1.000000000000000e+00	4872
541	1.000000000000000e+00	4872
542	1.000000000000000e+00	4872
543	1.000000000000000e+00	4872
544	1.000000000000000e+00	4872
545	1.000000000000000e+00	4872
546	1.000000000000000e+00	4872
547	1.000000000000000e+00	4872
548	1.000000000000000e+00	4872
549	1.000000000000000e+00	4872
550	1.000000000000000e+00	4872
551	1.000000000000000e+00	4872
552	1.000000000000000e+00	4872
553	1.000000000000000e+00	4872
554	1.000000000000000e+00	4872
555	1.000000000000000e+00	4872
556	1.000000000000000e+00	4872
557	1.000000000000000e+00	4872
558	1.000000000000000e+00	4872
559	1.000000000000000e+00	4872
560	1.000000000000000e+00	4872
561	1.000000000000000e+00	4872
562	1.000000000000000e+00	4872
563	1.000000000000000e+00	4872
564	1.000000000000000e+00	4872
565	1.000000000000000e+00	4872
566	1.000000000000000e+00	4872
567	1.000000000000000e+00	4872
568	1.000000000000000e+00	4872
569	1.000000000000000e+00	4872
570	1.000000000000000e+00	4872
571	1.000000000000000e+00	4872
572	1.000000000000000e+00	4872
573	1.000000000000000e+00	4872
574	1.000000000000000e+00	4872
575	1.000000000000000e+00	4872
576	1.000000000000000e+00	4872
577	1.000000000000000e+00	4872
578	1.000000000000000e+00	4872
579	1.000000000000000e+00	4872
580	1.000000000000000e+00	4872
581	1.000000000000000e+00	4872
582	1.000000000000000e+00	4872
583	1.000000000000000e+00	4872
584	1.000000000000000e+00	4872
585	1.000000000000000e+00	4872
586	1.000000000000000e+00	4872
587	1.000000000000000e+00	4872
588	1.000000000000000e+00	4872
589	1.000000000000000e+00	4872
590	1.000000000000000e+00	4872
591	1.000000000000000e+00	4872
592	1.000000000000000e+00	4872
593	1.000000000000000e+00	4872
594	1.000000000000000e+00	4872
595	1.000000000000000e+00	4872
596	1.000000000000000e+00	4872
597	1.000000000000000e+00	4872
598	1.000000000000000e+00	4872
599	1.000000000000000e+00	4872
600	1.000000000000000e+00	4872
601	1.000000000000000e+00	4872
602	1.000000000000000e+00	4872
603	1.000000000000000e+00	4872
604	1.000000000000000e+00	4872
605	1.000000000000000e+00	4872
606	1.000000000000000e+00	4872
607	1.000000000000000e+00	4872
608	1.000000000000000e+00	4872
609	1.000000000000000e+00	4872
610	1.000000000000000e+00	4872
611	1.000000000000000e+00	4872
612	1.000000000000000e+00	4872
613	1.000000000000000e+00	4872
614	1.000000000000000e+00	4872
615	1.000000000000000e+00	4872
616	1.000000000000000e+00	4872
617	1.000000000000000e+00	4872
618	1.000000000000000e+00	4872
619	1.000000000000000e+00	4872
620	1.000000000000000e+00	4872
621	1.000000000000000e+00	4872
622	1.000000000000000e+00	4872
623	1.000000000000000e+00	4872
624	1.000000000000000e+00	4872
625	1.000000000000000e+00	4872
626	1.000000000000000e+00	4872
627	1.000000000000000e+00	4872
628	1.000000000000000e+00	4872
629	1.000000000000000e+00	4872
630	1.000000000000000e+00	4872
631	1.000000000000000e+00	4872
632	1.000000000000000e+00	4872
633	1.000000000000000e+00	4872
634	1.000000000000000e+00	4872
635	1.000000000000000e+00	4872
636	1.000000000000000e+00	4872
637	1.000000000000000e+00	4872
638	1.000000000000000e+00	4872
639	1.000000000000000e+00	4872
640	1.000000000000000e+00	4872
641	1.000000000000000e+00	4872
642	1.000000000000000e+00	4872
643	1.000000000000000e+00	4872
644	1.000000000000000e+00	4872
645	1.000000000000000e+00	4872
646	1.000000000000000e+00	4872
647	1.000000000000000e+00	4872
648	1.000000000000000e+00	4872
649	1.000000000000000e+00	4872
650	1.000000000000000e+00	4872
651	1.000000000000000e+00	4872
652	1.000000000000000e+00	4872
653	1.000000000000000e+00	4872
654	1.000000000000000e+00	4872
655	1.000000000000000e+00	4872
656	1.000000000000000e+00	4872
657	1.000000000000000e+00	4872
658	1.000000000000000e+00	4872
659	1.000000000000000e+00	4872
660	1.000000000000000e+00	4872
661	1.000000000000000e+00	4872
662	1.000000000000000e+00	4872
663	1.000000000000000e+00	4872
664	1.000000000000000e+00	4872
665	1.000000000000000e+00	4872
666	1.000000000000000e+00	4872
667	1.000000000000000e+00	4872
668	1.000000000000000e+00	4872
669	1.000000000000000e+00	4872
670	1.000000000000000e+00	4872
671	1.000000000000000e+00	4872
672	1.000000000000000e+00	4872
673	1.000000000000000e+00	4872
674	1.000000000000000e+00	4872
675	1.000000000000000e+00	4872
676	1.000000000000000e+00	4872
677	1.000000000000000e+00	4872
678	1.000000000000000e+00	4872
679	1.000000000000000e+00	4872
680	1.000000000000000e+00	4872
681	1.000000000000000e+00	4872
682	1.000000000000000e+00	4872
683	1.000000000000000e+00	4872
684	1.000000000000000e+00	4872
685	1.000000000000000e+00	4872
686	1.000000000000000e+00	4872
687	1.000000000000000e+00	4872
688	1.000000000000000e+00	4872
689	1.000000000000000e+00	4872
690	1.000000000000000e+00	4872
691	1.000000000000000e+00	4872
692	1.000000000000000e+00	4872
693	1.000000000000000e+00	4872
694	1.000000000000000e+00	4872
695	1.000000000000000e+00	4872
696	1.000000000000000e+00	4872
697	1.000000000000000e+00	4872
698	1.000000000000000e+00	4872
699	1.000000000000000e+00	4872
700	1.000000000000000e+00	4872
701	1.000000000000000e+00	4872
702	1.000000000000000e+00	4872
703	1.000000000000000e+00	4872
704	1.000000000000000e+00	4872
705	1.000000000000000e+00	4872
706	1.000000000000000e+00	4872
707	1.000000000000000e+00	4872
708	1.000000000000000e+00	4872
709	1.000000000000000e+00	4872
710	1.000000000000000e+00	4872
711	1.000000000000000e+00	4872
712	1.000000000000000e+00	4872
713	1.000000000000000e+00	4872
714	1.000000000000000e+00	4872
715	1.000000000000000e+00	4872
716	1.000000000000000e+00	4872
717	1.000000000000000e+00	4872
718	1.000000000000000e+00	4872
719	1.000000000000000e+00	4872
720	1.000000000000000e+00	4872
721	1.000000000000000e+00	4872
722	1.000000000000000e+00	4872
723	1.000000000000000e+00	4872
724	1.000000000000000e+00	4872
725	1.000000000000000e+00	4872
726	1.000000000000000e+00	4872
727	1.000000000000000e+00	4872
728	1.000000000000000e+00	4872
729	1.000000000000000e+00	4872
730	1.000000000000000e+00	4872
731	1.000000000000000e+00	4872
732	1.000000000000000e+00	4872
733	1.000000000000000e+00	4872
734	1.000000000000000e+00	4872
735	1.000000000000000e+00	4872
736	1.000000000000000e+00	4872
737	1.000000000000000e+00	4872
738	1.000000000000000e+00	4872
739	1.000000000000000e+00	4872
740	1.000000000000000e+00	4872
741	1.000000000000000e+00	4872
742	1.000000000000000e+00	4872
743	1.000000000000000e+00	4872
744	1.000000000000000e+00	4872
745	1.000000000000000e+00	4872
746	1.000000000000000e+00	4872
747	1.000000000000000e+00	4872
748	1.000000000000000e+00	4872
749	1.000000000000000e+00	4872
750	1.000000000000000e+00	4872
751	1.000000000000000e+00	4872
752	1.000000000000000e+00	4872
753	1.000000000000000e+00	4872
754	1.000000000000000e+00	4872
755	1.000000000000000e+00	4872
756	1.000000000000000e+00	4872
757	1.000000000000000e+00	4872
758	1.000000000000000e+00	4872
759	1.000000000000000e+00	4872
760	1.000000000000000e+00	4872
761	1.000000000000000e+00	4872
762	1.000000000000000e+00	4872
763	1.000000000000000e+00	4872
764	1.000000000000000e+00	4872
765	1.000000000000000e+00	4872
766	1.000000000000000e+00	4872
767	1.000000000000000e+00	4872
768	1.000000000000000e+00	4872
769	1.000000000000000e+00	4872
770	1.000000000000000e+00	4872
771	1.000000000000000e+00	4872
772	1.000000000000000e+00	4872
773	1.000000000000000e+00	4872
774	1.000000000000000e+00	4872
775	1.000000000000000e+00	4872
776	1.000000000000000e+00	4872
777	1.000000000000000e+00	4872
778	1.000000000000000e+00	4872
779	1.000000000000000e+00	4872
780	1.000000000000000e+00	4872
781	1.000000000000000e+00	4872
782	1.000000000000000e+00	4872
783	1.000000000000000e+00	4872
784	1.000000000000000e+00	4872
785	1.000000000000000e+00	4872
786	1.000000000000000e+00	4872
787	1.000000000000000e+00	4872
788	1.000000000000000e+00	4872
789	1.000000000000000e+00	4872
790	1.000000000000000e+00	4872
791	1.000000000000000e+00	4872
792	1.000000000000000e+00	4872
793	1.000000000000000e+00	4872
794	1.000000000000000e+00	4872
795	1.000000000000000e+00	4872
796	1.000000000000000e+00	4872
797	1.000000000000000e+00	4872
798	1.000000000000000e+00	4872
799	1.000000000000000e+00	4872
800	1.000000000000000e+00	4872
801	1.000000000000000e+00	4872
802	1.000000000000000e+00	4872
803	1.000000000000000e+00	4872
804	1.000000000000000e+00	4872
805	1.000000000000000e+00	4872
806	1.000000000000000e+00	4872
807	1.000000000000000e+00	4872
808	1.000000000000000e+00	4872
809	1.000000000000000e+00	4872
810	1.000000000000000e+00	4872
811	1.000000000000000e+00	4872
812	1.000000000000000e+00	4872
813	1.000000000000000e+00	4872
814	1.000000000000000e+00	4872
815	1.000000000000000e+00	4872
816	1.000000000000000e+00	4872
817	1.000000000000000e+00	4872
818	1.000000000000000e+00	4872
819	1.000000000000000e+00	4872
820	1.000000000000000e+00	4872
821	1.000000000000000e+00	4872
822	1.000000000000000e+00	4872
823	1.000000000000000e+00	4872
824	1.000000000000000e+00	4872
825	1.000000000000000e+00	4872
826	1.000000000000000e+00	4872
827	1.000000000000000e+00	4872
828	1.000000000000000e+00	4872
829	1.000000000000000e+00	4872
830	1.000000000000000e+00	4872
831	1.000000000000000e+00	4872
832	1.000000000000000e+00	4872
833	1.000000000000000e+00	4872
834	1.000000000000000e+00	4872
835	1.000000000000000e+00	4872
836	1.000000000000000e+00	4872
837	1.000000000000000e+00	4872
838	1.000000000000000e+00	4872
839	1.000000000000000e+00	4872
840	1.000000000000000e+00	4872
841	1.000000000000000e+00	4872
842	1.000000000000000e+00	4872
843	1.000000000000000e+00	4872
844	1.000000000000000e+00	4872
845	1.000000000000000e+00	4872
846	1.000000000000000e+00	4872
847	1.000000000000000e+00	4872
848	1.000000000000000e+00	4872
849	1.000000000000000e+00	4872
850	1.000000000000000e+00	4872
851	1.000000000000000e+00	4872
852	1.000000000000000e+00	4872
853	1.000000000000000e+00	4872
854	1.000000000000000e+00	4872
855	1.000000000000000e+00	4872
856	1.000000000000000e+00	4872
857	1.000000000000000e+00	4872
858	1.000000000000000e+00	4872
859	1.000000000000000e+00	4872
860	1.000000000000000e+00	4872
861	1.000000000000000e+00	4872
862	1.000000000000000e+00	4872
863	1.000000000000000e+00	4872
864	1.000000000000000e+00	4872
865	1.000000000000000e+00	4872
866	1.000000000000000e+00	4872
867	1.000000000000000e+00	4872
868	1.000000000000000e+00	4872
869	1.000000000000000e+00	4872
870	1.000000000000000e+00	4872
871	1.000000000000000e+00	4872
872	1.000000000000000e+00	4872
873	1.000000000000000e+00	4872
874	1.000000000000000e+00	4872
875	1.000000000000000e+00	4872
876	1.000000000000000e+00	4872
877	1.000000000000000e+00	4872
878	1.000000000000000e+00	4872
879	1.000000000000000e+00	4872
880	1.000000000000000e+00	4872
881	1.000000000000000e+00	4872
882	1.000000000000000e+00	4872
883	1.000000000000000e+00	4872
884	1.000000000000000e+00	4872
885	1.000000000000000e+00	4872
886	1.000000000000000e+00	4872
887	1.000000000000000e+00	4872
888	1.000000000000000e+00	4872
889	1.000000000000000e+00	4872
890	1.000000000000000e+00	4872
891	1.000000000000000e+00	4872
892	1.000000000000000e+00	4872
893	1.000000000000000e+00	4872
894	1.000000000000000e+00	4872
895	1.000000000000000e+00	4872
896	1.000000000000000e+00	4872
897	1.000000000000000e+00	4872
898	1.000000000000000e+00	4872
899	1.000000000000000e+00	4872
900	1.000000000000000e+00	4872
901	1.000000000000000e+00	4872
902	1.000000000000000e+00	4872
903	1.000000000000000e+00	4872
904	1.000000000000000e+00	4872
905	1.000000000000000e+00	4872
906	1.000000000000000e+00	4872
907	1.000000000000000e+00	4872
908	1.000000000000000e+00	4872
909	1.000000000000000e+00	4872
910	1.000000000000000e+00	4872
911	1.000000000000000e+00	4872
912	1.000000000000000e+00	4872
913	1.000000000000000e+00	4872
914	1.000000000000000e+00	4872
915	1.000000000000000e+00	4872
916	1.000000000000000e+00	4872
917	1.000000000000000e+00	4872
918	1.000000000000000e+00	4872
919	1.000000000000000e+00	4872
920	1.000000000000000e+00	4872
921	1.000000000000000e+00	4872
922	1.000000000000000e+00	4872
923	1.000000000000000e+00	4872
924	1.000000000000000e+00	4872
925	1.000000000000000e+00	4872
926	1.000000000000000e+00	4872
927	1.000000000000000e+00	4872
928	1.000000000000000e+00	4872
929	1.000000000000000e+00	4872
930	1.000000000000000e+00	4872
931	1.000000000000000e+00	4872
932	1.000000000000000e+00	4872
933	1.000000000000000e+00	4872
934	1.000000000000000e+00	4872
935	1.000000000000000e+00	4872
936	1.000000000000000e+00	4872
937	1.000000000000000e+00	4872
938	1.000000000000000e+00	4872
939	1.000000000000000e+00	4872
940	1.000000000000000e+00	4872
941	1.000000000000000e+00	4872
942	1.000000000000000e+00	4872
943	1.000000000000000e+00	4872
944	1.000000000000000e+00	4872
945	1.000000000000000e+00	4872
946	1.000000000000000e+00	4872
947	1.000000000000000e+00	4872
948	1.000000000000000e+00	4872
949	1.000000000000000e+00	4872
950	1.000000000000000e+00	4872
951	1.000000000000000e+00	4872
952	1.000000000000000e+00	4872
953	1.000000000000000e+00	4872
954	1.000000000000000e+00	4872
955	1.000000000000000e+00	4872
956	1.000000000000000e+00	4872
957	1.000000000000000e+00	4872
958	1.000000000000000e+00	4872
959	1.000000000000000e+00	4872
960	1.000000000000000e+00	4872
961	1.000000000000000e+00	4872
962	1.000000000000000e+00	4872
963	1.000000000000000e+00	4872
964	1.000000000000000e+00	4872
965	1.000000000000000e+00	4872
966	1.000000000000000e+00	4872
967	1.000000000000000e+00	4872
968	1.000000000000000e+00	4872
969	1.000000000000000e+00	4872
970	1.000000000000000e+00	4872
971	1.000000000000000e+00	4872
972	1.000000000000000e+00	4872
973	1.000000000000000e+00	4872
974	1.000000000000000e+00	4872
975	1.000000000000000e+00	4872
976	1.000000000000000e+00	4872
977	1.000000000000000e+00	4872
978	1.000000000000000e+00	4872
979	1.000000000000000e+00	4872
980	1.000000000000000e+00	4872
981	1.000000000000000e+00	4872
982	1.000000000000000e+00	4872
983	1.000000000000000e+00	4872
984	1.000000000000000e+00	4872
985	1.000000000000000e+00	4872
986	1.000000000000000e+00	4872
987	1.000000000000000e+00	4872
988	1.000000000000000e+00	4872
989	1.000000000000000e+00	4872
990	1.000000000000000e+00	4872
991	1.000000000000000e+00	4872
992	1.000000000000000e+00	4872
993	1.000000000000000e+00	4872
994	1.000000000000000e+00	4872
995	1.000000000000000e+00	4872
996	1.000000000000000e+00	4872
997	1.000000000000000e+00	4872
998	1.000000000000000e+00	4872
999	1.000000000000000e+00	4872
1000	1.000000000000000e+00	4872


Tempo gasto: 13.614319
