Método usado: C-GRASP

POSIÇÃO	ÁREA(mm²)	CUSTO

1	1.000000000000000e+00	8505
2	1.000000000000000e+00	8505
3	1.000000000000000e+00	8505
4	1.000000000000000e+00	8505
5	1.000000000000000e+00	8505
6	1.000000000000000e+00	8505
7	1.000000000000000e+00	8505
8	1.000000000000000e+00	8505
9	1.000000000000000e+00	8505
10	1.000000000000000e+00	8505
11	1.000000000000000e+00	8505
12	1.000000000000000e+00	8505
13	1.000000000000000e+00	8505
14	1.000000000000000e+00	8505
15	1.000000000000000e+00	8505
16	1.000000000000000e+00	8505
17	1.000000000000000e+00	8505
18	1.000000000000000e+00	8505
19	1.000000000000000e+00	8505
20	1.000000000000000e+00	8505
21	1.000000000000000e+00	8505
22	1.000000000000000e+00	8505
23	1.000000000000000e+00	8505
24	1.000000000000000e+00	8505
25	1.000000000000000e+00	8505
26	1.000000000000000e+00	8505
27	1.000000000000000e+00	8505
28	1.000000000000000e+00	8505
29	1.000000000000000e+00	8505
30	1.000000000000000e+00	8505
31	1.000000000000000e+00	8505
32	1.000000000000000e+00	8505
33	1.000000000000000e+00	8505
34	1.000000000000000e+00	8505
35	1.000000000000000e+00	8505
36	1.000000000000000e+00	8505
37	1.000000000000000e+00	8505
38	1.000000000000000e+00	8505
39	1.000000000000000e+00	8505
40	1.000000000000000e+00	8505
41	1.000000000000000e+00	8505
42	1.000000000000000e+00	8505
43	1.000000000000000e+00	8505
44	1.000000000000000e+00	8505
45	1.000000000000000e+00	8505
46	1.000000000000000e+00	8505
47	1.000000000000000e+00	8505
48	1.000000000000000e+00	8505
49	1.000000000000000e+00	8505
50	1.000000000000000e+00	8505
51	1.000000000000000e+00	8505
52	1.000000000000000e+00	8505
53	1.000000000000000e+00	8505
54	1.000000000000000e+00	8505
55	1.000000000000000e+00	8505
56	1.000000000000000e+00	8505
57	1.000000000000000e+00	8505
58	1.000000000000000e+00	8505
59	1.000000000000000e+00	8505
60	1.000000000000000e+00	8505
61	1.000000000000000e+00	8505
62	1.000000000000000e+00	8505
63	1.000000000000000e+00	8505
64	1.000000000000000e+00	8505
65	1.000000000000000e+00	8505
66	1.000000000000000e+00	8505
67	1.000000000000000e+00	8505
68	1.000000000000000e+00	8505
69	1.000000000000000e+00	8505
70	1.000000000000000e+00	8505
71	1.000000000000000e+00	8505
72	1.000000000000000e+00	8505
73	1.000000000000000e+00	8505
74	1.000000000000000e+00	8505
75	1.000000000000000e+00	8505
76	1.000000000000000e+00	8505
77	1.000000000000000e+00	8505
78	1.000000000000000e+00	8505
79	1.000000000000000e+00	8505
80	1.000000000000000e+00	8505
81	1.000000000000000e+00	8505
82	1.000000000000000e+00	8505
83	1.000000000000000e+00	8505
84	1.000000000000000e+00	8505
85	1.000000000000000e+00	8505
86	1.000000000000000e+00	8505
87	1.000000000000000e+00	8505
88	1.000000000000000e+00	8505
89	1.000000000000000e+00	8505
90	1.000000000000000e+00	8505
91	1.000000000000000e+00	8505
92	1.000000000000000e+00	8505
93	1.000000000000000e+00	8505
94	1.000000000000000e+00	8505
95	1.000000000000000e+00	8505
96	1.000000000000000e+00	8505
97	1.000000000000000e+00	8505
98	1.000000000000000e+00	8505
99	1.000000000000000e+00	8505
100	1.000000000000000e+00	8505
101	1.000000000000000e+00	8505
102	1.000000000000000e+00	8505
103	1.000000000000000e+00	8505
104	1.000000000000000e+00	8505
105	1.000000000000000e+00	8505
106	1.000000000000000e+00	8505
107	1.000000000000000e+00	8505
108	1.000000000000000e+00	8505
109	1.000000000000000e+00	8505
110	1.000000000000000e+00	8505
111	1.000000000000000e+00	8505
112	1.000000000000000e+00	8505
113	1.000000000000000e+00	8505
114	1.000000000000000e+00	8505
115	1.000000000000000e+00	8505
116	1.000000000000000e+00	8505
117	1.000000000000000e+00	8505
118	1.000000000000000e+00	8505
119	1.000000000000000e+00	8505
120	1.000000000000000e+00	8505
121	1.000000000000000e+00	8505
122	1.000000000000000e+00	8505
123	1.000000000000000e+00	8505
124	1.000000000000000e+00	8505
125	1.000000000000000e+00	8505
126	1.000000000000000e+00	8505
127	1.000000000000000e+00	8505
128	1.000000000000000e+00	8505
129	1.000000000000000e+00	8505
130	1.000000000000000e+00	8505
131	1.000000000000000e+00	8505
132	1.000000000000000e+00	8505
133	1.000000000000000e+00	8505
134	1.000000000000000e+00	8505
135	1.000000000000000e+00	8505
136	1.000000000000000e+00	8505
137	1.000000000000000e+00	8505
138	1.000000000000000e+00	8505
139	1.000000000000000e+00	8505
140	1.000000000000000e+00	8505
141	1.000000000000000e+00	8505
142	1.000000000000000e+00	8505
143	1.000000000000000e+00	8505
144	1.000000000000000e+00	8505
145	1.000000000000000e+00	8505
146	1.000000000000000e+00	8505
147	1.000000000000000e+00	8505
148	1.000000000000000e+00	8505
149	1.000000000000000e+00	8505
150	1.000000000000000e+00	8505
151	1.000000000000000e+00	8505
152	1.000000000000000e+00	8505
153	1.000000000000000e+00	8505
154	1.000000000000000e+00	8505
155	1.000000000000000e+00	8505
156	1.000000000000000e+00	8505
157	1.000000000000000e+00	8505
158	1.000000000000000e+00	8505
159	1.000000000000000e+00	8505
160	1.000000000000000e+00	8505
161	1.000000000000000e+00	8505
162	1.000000000000000e+00	8505
163	1.000000000000000e+00	8505
164	1.000000000000000e+00	8505
165	1.000000000000000e+00	8505
166	1.000000000000000e+00	8505
167	1.000000000000000e+00	8505
168	1.000000000000000e+00	8505
169	1.000000000000000e+00	8505
170	1.000000000000000e+00	8505
171	1.000000000000000e+00	8505
172	1.000000000000000e+00	8505
173	1.000000000000000e+00	8505
174	1.000000000000000e+00	8505
175	1.000000000000000e+00	8505
176	1.000000000000000e+00	8505
177	1.000000000000000e+00	8505
178	1.000000000000000e+00	8505
179	1.000000000000000e+00	8505
180	1.000000000000000e+00	8505
181	1.000000000000000e+00	8505
182	1.000000000000000e+00	8505
183	1.000000000000000e+00	8505
184	1.000000000000000e+00	8505
185	1.000000000000000e+00	8505
186	1.000000000000000e+00	8505
187	1.000000000000000e+00	8505
188	1.000000000000000e+00	8505
189	1.000000000000000e+00	8505
190	1.000000000000000e+00	8505
191	1.000000000000000e+00	8505
192	1.000000000000000e+00	8505
193	1.000000000000000e+00	8505
194	1.000000000000000e+00	8505
195	1.000000000000000e+00	8505
196	1.000000000000000e+00	8505
197	1.000000000000000e+00	8505
198	1.000000000000000e+00	8505
199	1.000000000000000e+00	8505
200	1.000000000000000e+00	8505
201	1.000000000000000e+00	8505
202	1.000000000000000e+00	8505
203	1.000000000000000e+00	8505
204	1.000000000000000e+00	8505
205	1.000000000000000e+00	8505
206	1.000000000000000e+00	8505
207	1.000000000000000e+00	8505
208	1.000000000000000e+00	8505
209	1.000000000000000e+00	8505
210	1.000000000000000e+00	8505
211	1.000000000000000e+00	8505
212	1.000000000000000e+00	8505
213	1.000000000000000e+00	8505
214	1.000000000000000e+00	8505
215	1.000000000000000e+00	8505
216	1.000000000000000e+00	8505
217	1.000000000000000e+00	8505
218	1.000000000000000e+00	8505
219	1.000000000000000e+00	8505
220	1.000000000000000e+00	8505
221	1.000000000000000e+00	8505
222	1.000000000000000e+00	8505
223	1.000000000000000e+00	8505
224	1.000000000000000e+00	8505
225	1.000000000000000e+00	8505
226	1.000000000000000e+00	8505
227	1.000000000000000e+00	8505
228	1.000000000000000e+00	8505
229	1.000000000000000e+00	8505
230	1.000000000000000e+00	8505
231	1.000000000000000e+00	8505
232	1.000000000000000e+00	8505
233	1.000000000000000e+00	8505
234	1.000000000000000e+00	8505
235	1.000000000000000e+00	8505
236	1.000000000000000e+00	8505
237	1.000000000000000e+00	8505
238	1.000000000000000e+00	8505
239	1.000000000000000e+00	8505
240	1.000000000000000e+00	8505
241	1.000000000000000e+00	8505
242	1.000000000000000e+00	8505
243	1.000000000000000e+00	8505
244	1.000000000000000e+00	8505
245	1.000000000000000e+00	8505
246	1.000000000000000e+00	8505
247	1.000000000000000e+00	8505
248	1.000000000000000e+00	8505
249	1.000000000000000e+00	8505
250	1.000000000000000e+00	8505
251	1.000000000000000e+00	8505
252	1.000000000000000e+00	8505
253	1.000000000000000e+00	8505
254	1.000000000000000e+00	8505
255	1.000000000000000e+00	8505
256	1.000000000000000e+00	8505
257	1.000000000000000e+00	8505
258	1.000000000000000e+00	8505
259	1.000000000000000e+00	8505
260	1.000000000000000e+00	8505
261	1.000000000000000e+00	8505
262	1.000000000000000e+00	8505
263	1.000000000000000e+00	8505
264	1.000000000000000e+00	8505
265	1.000000000000000e+00	8505
266	1.000000000000000e+00	8505
267	1.000000000000000e+00	8505
268	1.000000000000000e+00	8505
269	1.000000000000000e+00	8505
270	1.000000000000000e+00	8505
271	1.000000000000000e+00	8505
272	1.000000000000000e+00	8505
273	1.000000000000000e+00	8505
274	1.000000000000000e+00	8505
275	1.000000000000000e+00	8505
276	1.000000000000000e+00	8505
277	1.000000000000000e+00	8505
278	1.000000000000000e+00	8505
279	1.000000000000000e+00	8505
280	1.000000000000000e+00	8505
281	1.000000000000000e+00	8505
282	1.000000000000000e+00	8505
283	1.000000000000000e+00	8505
284	1.000000000000000e+00	8505
285	1.000000000000000e+00	8505
286	1.000000000000000e+00	8505
287	1.000000000000000e+00	8505
288	1.000000000000000e+00	8505
289	1.000000000000000e+00	8505
290	1.000000000000000e+00	8505
291	1.000000000000000e+00	8505
292	1.000000000000000e+00	8505
293	1.000000000000000e+00	8505
294	1.000000000000000e+00	8505
295	1.000000000000000e+00	8505
296	1.000000000000000e+00	8505
297	1.000000000000000e+00	8505
298	1.000000000000000e+00	8505
299	1.000000000000000e+00	8505
300	1.000000000000000e+00	8505
301	1.000000000000000e+00	8505
302	1.000000000000000e+00	8505
303	1.000000000000000e+00	8505
304	1.000000000000000e+00	8505
305	1.000000000000000e+00	8505
306	1.000000000000000e+00	8505
307	1.000000000000000e+00	8505
308	1.000000000000000e+00	8505
309	1.000000000000000e+00	8505
310	1.000000000000000e+00	8505
311	1.000000000000000e+00	8505
312	1.000000000000000e+00	8505
313	1.000000000000000e+00	8505
314	1.000000000000000e+00	8505
315	1.000000000000000e+00	8505
316	1.000000000000000e+00	8505
317	1.000000000000000e+00	8505
318	1.000000000000000e+00	8505
319	1.000000000000000e+00	8505
320	1.000000000000000e+00	8505
321	1.000000000000000e+00	8505
322	1.000000000000000e+00	8505
323	1.000000000000000e+00	8505
324	1.000000000000000e+00	8505
325	1.000000000000000e+00	8505
326	1.000000000000000e+00	8505
327	1.000000000000000e+00	8505
328	1.000000000000000e+00	8505
329	1.000000000000000e+00	8505
330	1.000000000000000e+00	8505
331	1.000000000000000e+00	8505
332	1.000000000000000e+00	8505
333	1.000000000000000e+00	8505
334	1.000000000000000e+00	8505
335	1.000000000000000e+00	8505
336	1.000000000000000e+00	8505
337	1.000000000000000e+00	8505
338	1.000000000000000e+00	8505
339	1.000000000000000e+00	8505
340	1.000000000000000e+00	8505
341	1.000000000000000e+00	8505
342	1.000000000000000e+00	8505
343	1.000000000000000e+00	8505
344	1.000000000000000e+00	8505
345	1.000000000000000e+00	8505
346	1.000000000000000e+00	8505
347	1.000000000000000e+00	8505
348	1.000000000000000e+00	8505
349	1.000000000000000e+00	8505
350	1.000000000000000e+00	8505
351	1.000000000000000e+00	8505
352	1.000000000000000e+00	8505
353	1.000000000000000e+00	8505
354	1.000000000000000e+00	8505
355	1.000000000000000e+00	8505
356	1.000000000000000e+00	8505
357	1.000000000000000e+00	8505
358	1.000000000000000e+00	8505
359	1.000000000000000e+00	8505
360	1.000000000000000e+00	8505
361	1.000000000000000e+00	8505
362	1.000000000000000e+00	8505
363	1.000000000000000e+00	8505
364	1.000000000000000e+00	8505
365	1.000000000000000e+00	8505
366	1.000000000000000e+00	8505
367	1.000000000000000e+00	8505
368	1.000000000000000e+00	8505
369	1.000000000000000e+00	8505
370	1.000000000000000e+00	8505
371	1.000000000000000e+00	8505
372	1.000000000000000e+00	8505
373	1.000000000000000e+00	8505
374	1.000000000000000e+00	8505
375	1.000000000000000e+00	8505
376	1.000000000000000e+00	8505
377	1.000000000000000e+00	8505
378	1.000000000000000e+00	8505
379	1.000000000000000e+00	8505
380	1.000000000000000e+00	8505
381	1.000000000000000e+00	8505
382	1.000000000000000e+00	8505
383	1.000000000000000e+00	8505
384	1.000000000000000e+00	8505
385	1.000000000000000e+00	8505
386	1.000000000000000e+00	8505
387	1.000000000000000e+00	8505
388	1.000000000000000e+00	8505
389	1.000000000000000e+00	8505
390	1.000000000000000e+00	8505
391	1.000000000000000e+00	8505
392	1.000000000000000e+00	8505
393	1.000000000000000e+00	8505
394	1.000000000000000e+00	8505
395	1.000000000000000e+00	8505
396	1.000000000000000e+00	8505
397	1.000000000000000e+00	8505
398	1.000000000000000e+00	8505
399	1.000000000000000e+00	8505
400	1.000000000000000e+00	8505
401	1.000000000000000e+00	8505
402	1.000000000000000e+00	8505
403	1.000000000000000e+00	8505
404	1.000000000000000e+00	8505
405	1.000000000000000e+00	8505
406	1.000000000000000e+00	8505
407	1.000000000000000e+00	8505
408	1.000000000000000e+00	8505
409	1.000000000000000e+00	8505
410	1.000000000000000e+00	8505
411	1.000000000000000e+00	8505
412	1.000000000000000e+00	8505
413	1.000000000000000e+00	8505
414	1.000000000000000e+00	8505
415	1.000000000000000e+00	8505
416	1.000000000000000e+00	8505
417	1.000000000000000e+00	8505
418	1.000000000000000e+00	8505
419	1.000000000000000e+00	8505
420	1.000000000000000e+00	8505
421	1.000000000000000e+00	8505
422	1.000000000000000e+00	8505
423	1.000000000000000e+00	8505
424	1.000000000000000e+00	8505
425	1.000000000000000e+00	8505
426	1.000000000000000e+00	8505
427	1.000000000000000e+00	8505
428	1.000000000000000e+00	8505
429	1.000000000000000e+00	8505
430	1.000000000000000e+00	8505
431	1.000000000000000e+00	8505
432	1.000000000000000e+00	8505
433	1.000000000000000e+00	8505
434	1.000000000000000e+00	8505
435	1.000000000000000e+00	8505
436	1.000000000000000e+00	8505
437	1.000000000000000e+00	8505
438	1.000000000000000e+00	8505
439	1.000000000000000e+00	8505
440	1.000000000000000e+00	8505
441	1.000000000000000e+00	8505
442	1.000000000000000e+00	8505
443	1.000000000000000e+00	8505
444	1.000000000000000e+00	8505
445	1.000000000000000e+00	8505
446	1.000000000000000e+00	8505
447	1.000000000000000e+00	8505
448	1.000000000000000e+00	8505
449	1.000000000000000e+00	8505
450	1.000000000000000e+00	8505
451	1.000000000000000e+00	8505
452	1.000000000000000e+00	8505
453	1.000000000000000e+00	8505
454	1.000000000000000e+00	8505
455	1.000000000000000e+00	8505
456	1.000000000000000e+00	8505
457	1.000000000000000e+00	8505
458	1.000000000000000e+00	8505
459	1.000000000000000e+00	8505
460	1.000000000000000e+00	8505
461	1.000000000000000e+00	8505
462	1.000000000000000e+00	8505
463	1.000000000000000e+00	8505
464	1.000000000000000e+00	8505
465	1.000000000000000e+00	8505
466	1.000000000000000e+00	8505
467	1.000000000000000e+00	8505
468	1.000000000000000e+00	8505
469	1.000000000000000e+00	8505
470	1.000000000000000e+00	8505
471	1.000000000000000e+00	8505
472	1.000000000000000e+00	8505
473	1.000000000000000e+00	8505
474	1.000000000000000e+00	8505
475	1.000000000000000e+00	8505
476	1.000000000000000e+00	8505
477	1.000000000000000e+00	8505
478	1.000000000000000e+00	8505
479	1.000000000000000e+00	8505
480	1.000000000000000e+00	8505
481	1.000000000000000e+00	8505
482	1.000000000000000e+00	8505
483	1.000000000000000e+00	8505
484	1.000000000000000e+00	8505
485	1.000000000000000e+00	8505
486	1.000000000000000e+00	8505
487	1.000000000000000e+00	8505
488	1.000000000000000e+00	8505
489	1.000000000000000e+00	8505
490	1.000000000000000e+00	8505
491	9.500000000000003e-01	8100
492	9.000000000000002e-01	7695
493	8.490000000000002e-01	10530
494	8.000000000000002e-01	6885
495	7.500000000000001e-01	6480
496	7.000000000000001e-01	6075
497	6.500000000000000e-01	5670
498	6.000000000000000e-01	5265
499	5.499999999999999e-01	4860
500	4.999999999999999e-01	4455
501	5.499999999999999e-01	4860
502	6.000000000000000e-01	5265
503	6.500000000000000e-01	5670
504	7.000000000000001e-01	6075
505	7.500000000000001e-01	6480
506	8.000000000000002e-01	6885
507	8.500000000000002e-01	7290
508	9.000000000000002e-01	7695
509	9.500000000000003e-01	8100
510	9.000000000000002e-01	7695
511	8.500000000000002e-01	7290
512	8.000000000000002e-01	6885
513	7.500000000000001e-01	6480
514	8.000000000000002e-01	6885
515	8.500000000000002e-01	7290
516	9.000000000000002e-01	7695
517	9.500000000000003e-01	8100
518	1.000000000000000e+00	8505
519	1.000000000000000e+00	8505
520	1.000000000000000e+00	8505
521	1.000000000000000e+00	8505
522	1.000000000000000e+00	8505
523	1.000000000000000e+00	8505
524	1.000000000000000e+00	8505
525	1.000000000000000e+00	8505
526	1.000000000000000e+00	8505
527	1.000000000000000e+00	8505
528	1.000000000000000e+00	8505
529	1.000000000000000e+00	8505
530	1.000000000000000e+00	8505
531	1.000000000000000e+00	8505
532	1.000000000000000e+00	8505
533	1.000000000000000e+00	8505
534	1.000000000000000e+00	8505
535	1.000000000000000e+00	8505
536	1.000000000000000e+00	8505
537	1.000000000000000e+00	8505
538	1.000000000000000e+00	8505
539	1.000000000000000e+00	8505
540	1.000000000000000e+00	8505
541	1.000000000000000e+00	8505
542	1.000000000000000e+00	8505
543	1.000000000000000e+00	8505
544	1.000000000000000e+00	8505
545	1.000000000000000e+00	8505
546	1.000000000000000e+00	8505
547	1.000000000000000e+00	8505
548	1.000000000000000e+00	8505
549	1.000000000000000e+00	8505
550	1.000000000000000e+00	8505
551	1.000000000000000e+00	8505
552	1.000000000000000e+00	8505
553	1.000000000000000e+00	8505
554	1.000000000000000e+00	8505
555	1.000000000000000e+00	8505
556	1.000000000000000e+00	8505
557	1.000000000000000e+00	8505
558	1.000000000000000e+00	8505
559	1.000000000000000e+00	8505
560	1.000000000000000e+00	8505
561	1.000000000000000e+00	8505
562	1.000000000000000e+00	8505
563	1.000000000000000e+00	8505
564	1.000000000000000e+00	8505
565	1.000000000000000e+00	8505
566	1.000000000000000e+00	8505
567	1.000000000000000e+00	8505
568	1.000000000000000e+00	8505
569	1.000000000000000e+00	8505
570	1.000000000000000e+00	8505
571	1.000000000000000e+00	8505
572	1.000000000000000e+00	8505
573	1.000000000000000e+00	8505
574	1.000000000000000e+00	8505
575	1.000000000000000e+00	8505
576	1.000000000000000e+00	8505
577	1.000000000000000e+00	8505
578	1.000000000000000e+00	8505
579	1.000000000000000e+00	8505
580	1.000000000000000e+00	8505
581	1.000000000000000e+00	8505
582	1.000000000000000e+00	8505
583	1.000000000000000e+00	8505
584	1.000000000000000e+00	8505
585	1.000000000000000e+00	8505
586	1.000000000000000e+00	8505
587	1.000000000000000e+00	8505
588	1.000000000000000e+00	8505
589	1.000000000000000e+00	8505
590	1.000000000000000e+00	8505
591	1.000000000000000e+00	8505
592	1.000000000000000e+00	8505
593	1.000000000000000e+00	8505
594	1.000000000000000e+00	8505
595	1.000000000000000e+00	8505
596	1.000000000000000e+00	8505
597	1.000000000000000e+00	8505
598	1.000000000000000e+00	8505
599	1.000000000000000e+00	8505
600	1.000000000000000e+00	8505
601	1.000000000000000e+00	8505
602	1.000000000000000e+00	8505
603	1.000000000000000e+00	8505
604	1.000000000000000e+00	8505
605	1.000000000000000e+00	8505
606	1.000000000000000e+00	8505
607	1.000000000000000e+00	8505
608	1.000000000000000e+00	8505
609	1.000000000000000e+00	8505
610	1.000000000000000e+00	8505
611	1.000000000000000e+00	8505
612	1.000000000000000e+00	8505
613	1.000000000000000e+00	8505
614	1.000000000000000e+00	8505
615	1.000000000000000e+00	8505
616	1.000000000000000e+00	8505
617	1.000000000000000e+00	8505
618	1.000000000000000e+00	8505
619	1.000000000000000e+00	8505
620	1.000000000000000e+00	8505
621	1.000000000000000e+00	8505
622	1.000000000000000e+00	8505
623	1.000000000000000e+00	8505
624	1.000000000000000e+00	8505
625	1.000000000000000e+00	8505
626	1.000000000000000e+00	8505
627	1.000000000000000e+00	8505
628	1.000000000000000e+00	8505
629	1.000000000000000e+00	8505
630	1.000000000000000e+00	8505
631	1.000000000000000e+00	8505
632	1.000000000000000e+00	8505
633	1.000000000000000e+00	8505
634	1.000000000000000e+00	8505
635	1.000000000000000e+00	8505
636	1.000000000000000e+00	8505
637	1.000000000000000e+00	8505
638	1.000000000000000e+00	8505
639	1.000000000000000e+00	8505
640	1.000000000000000e+00	8505
641	1.000000000000000e+00	8505
642	1.000000000000000e+00	8505
643	1.000000000000000e+00	8505
644	1.000000000000000e+00	8505
645	1.000000000000000e+00	8505
646	1.000000000000000e+00	8505
647	1.000000000000000e+00	8505
648	1.000000000000000e+00	8505
649	1.000000000000000e+00	8505
650	1.000000000000000e+00	8505
651	1.000000000000000e+00	8505
652	1.000000000000000e+00	8505
653	1.000000000000000e+00	8505
654	1.000000000000000e+00	8505
655	1.000000000000000e+00	8505
656	1.000000000000000e+00	8505
657	1.000000000000000e+00	8505
658	1.000000000000000e+00	8505
659	1.000000000000000e+00	8505
660	1.000000000000000e+00	8505
661	1.000000000000000e+00	8505
662	1.000000000000000e+00	8505
663	1.000000000000000e+00	8505
664	1.000000000000000e+00	8505
665	1.000000000000000e+00	8505
666	1.000000000000000e+00	8505
667	1.000000000000000e+00	8505
668	1.000000000000000e+00	8505
669	1.000000000000000e+00	8505
670	1.000000000000000e+00	8505
671	1.000000000000000e+00	8505
672	1.000000000000000e+00	8505
673	1.000000000000000e+00	8505
674	1.000000000000000e+00	8505
675	1.000000000000000e+00	8505
676	1.000000000000000e+00	8505
677	1.000000000000000e+00	8505
678	1.000000000000000e+00	8505
679	1.000000000000000e+00	8505
680	1.000000000000000e+00	8505
681	1.000000000000000e+00	8505
682	1.000000000000000e+00	8505
683	1.000000000000000e+00	8505
684	1.000000000000000e+00	8505
685	1.000000000000000e+00	8505
686	1.000000000000000e+00	8505
687	1.000000000000000e+00	8505
688	1.000000000000000e+00	8505
689	1.000000000000000e+00	8505
690	1.000000000000000e+00	8505
691	1.000000000000000e+00	8505
692	1.000000000000000e+00	8505
693	1.000000000000000e+00	8505
694	1.000000000000000e+00	8505
695	1.000000000000000e+00	8505
696	1.000000000000000e+00	8505
697	1.000000000000000e+00	8505
698	1.000000000000000e+00	8505
699	1.000000000000000e+00	8505
700	1.000000000000000e+00	8505
701	1.000000000000000e+00	8505
702	1.000000000000000e+00	8505
703	1.000000000000000e+00	8505
704	1.000000000000000e+00	8505
705	1.000000000000000e+00	8505
706	1.000000000000000e+00	8505
707	1.000000000000000e+00	8505
708	1.000000000000000e+00	8505
709	1.000000000000000e+00	8505
710	1.000000000000000e+00	8505
711	1.000000000000000e+00	8505
712	1.000000000000000e+00	8505
713	1.000000000000000e+00	8505
714	1.000000000000000e+00	8505
715	1.000000000000000e+00	8505
716	1.000000000000000e+00	8505
717	1.000000000000000e+00	8505
718	1.000000000000000e+00	8505
719	1.000000000000000e+00	8505
720	1.000000000000000e+00	8505
721	1.000000000000000e+00	8505
722	1.000000000000000e+00	8505
723	1.000000000000000e+00	8505
724	1.000000000000000e+00	8505
725	1.000000000000000e+00	8505
726	1.000000000000000e+00	8505
727	1.000000000000000e+00	8505
728	1.000000000000000e+00	8505
729	1.000000000000000e+00	8505
730	1.000000000000000e+00	8505
731	1.000000000000000e+00	8505
732	1.000000000000000e+00	8505
733	1.000000000000000e+00	8505
734	1.000000000000000e+00	8505
735	1.000000000000000e+00	8505
736	1.000000000000000e+00	8505
737	1.000000000000000e+00	8505
738	1.000000000000000e+00	8505
739	1.000000000000000e+00	8505
740	1.000000000000000e+00	8505
741	1.000000000000000e+00	8505
742	1.000000000000000e+00	8505
743	1.000000000000000e+00	8505
744	1.000000000000000e+00	8505
745	1.000000000000000e+00	8505
746	1.000000000000000e+00	8505
747	1.000000000000000e+00	8505
748	1.000000000000000e+00	8505
749	1.000000000000000e+00	8505
750	1.000000000000000e+00	8505
751	1.000000000000000e+00	8505
752	1.000000000000000e+00	8505
753	1.000000000000000e+00	8505
754	1.000000000000000e+00	8505
755	1.000000000000000e+00	8505
756	1.000000000000000e+00	8505
757	1.000000000000000e+00	8505
758	1.000000000000000e+00	8505
759	1.000000000000000e+00	8505
760	1.000000000000000e+00	8505
761	1.000000000000000e+00	8505
762	1.000000000000000e+00	8505
763	1.000000000000000e+00	8505
764	1.000000000000000e+00	8505
765	1.000000000000000e+00	8505
766	1.000000000000000e+00	8505
767	1.000000000000000e+00	8505
768	1.000000000000000e+00	8505
769	1.000000000000000e+00	8505
770	1.000000000000000e+00	8505
771	1.000000000000000e+00	8505
772	1.000000000000000e+00	8505
773	1.000000000000000e+00	8505
774	1.000000000000000e+00	8505
775	1.000000000000000e+00	8505
776	1.000000000000000e+00	8505
777	1.000000000000000e+00	8505
778	1.000000000000000e+00	8505
779	1.000000000000000e+00	8505
780	1.000000000000000e+00	8505
781	1.000000000000000e+00	8505
782	1.000000000000000e+00	8505
783	1.000000000000000e+00	8505
784	1.000000000000000e+00	8505
785	1.000000000000000e+00	8505
786	1.000000000000000e+00	8505
787	1.000000000000000e+00	8505
788	1.000000000000000e+00	8505
789	1.000000000000000e+00	8505
790	1.000000000000000e+00	8505
791	1.000000000000000e+00	8505
792	1.000000000000000e+00	8505
793	1.000000000000000e+00	8505
794	1.000000000000000e+00	8505
795	1.000000000000000e+00	8505
796	1.000000000000000e+00	8505
797	1.000000000000000e+00	8505
798	1.000000000000000e+00	8505
799	1.000000000000000e+00	8505
800	1.000000000000000e+00	8505
801	1.000000000000000e+00	8505
802	1.000000000000000e+00	8505
803	1.000000000000000e+00	8505
804	1.000000000000000e+00	8505
805	1.000000000000000e+00	8505
806	1.000000000000000e+00	8505
807	1.000000000000000e+00	8505
808	1.000000000000000e+00	8505
809	1.000000000000000e+00	8505
810	1.000000000000000e+00	8505
811	1.000000000000000e+00	8505
812	1.000000000000000e+00	8505
813	1.000000000000000e+00	8505
814	1.000000000000000e+00	8505
815	1.000000000000000e+00	8505
816	1.000000000000000e+00	8505
817	1.000000000000000e+00	8505
818	1.000000000000000e+00	8505
819	1.000000000000000e+00	8505
820	1.000000000000000e+00	8505
821	1.000000000000000e+00	8505
822	1.000000000000000e+00	8505
823	1.000000000000000e+00	8505
824	1.000000000000000e+00	8505
825	1.000000000000000e+00	8505
826	1.000000000000000e+00	8505
827	1.000000000000000e+00	8505
828	1.000000000000000e+00	8505
829	1.000000000000000e+00	8505
830	1.000000000000000e+00	8505
831	1.000000000000000e+00	8505
832	1.000000000000000e+00	8505
833	1.000000000000000e+00	8505
834	1.000000000000000e+00	8505
835	1.000000000000000e+00	8505
836	1.000000000000000e+00	8505
837	1.000000000000000e+00	8505
838	1.000000000000000e+00	8505
839	1.000000000000000e+00	8505
840	1.000000000000000e+00	8505
841	1.000000000000000e+00	8505
842	1.000000000000000e+00	8505
843	1.000000000000000e+00	8505
844	1.000000000000000e+00	8505
845	1.000000000000000e+00	8505
846	1.000000000000000e+00	8505
847	1.000000000000000e+00	8505
848	1.000000000000000e+00	8505
849	1.000000000000000e+00	8505
850	1.000000000000000e+00	8505
851	1.000000000000000e+00	8505
852	1.000000000000000e+00	8505
853	1.000000000000000e+00	8505
854	1.000000000000000e+00	8505
855	1.000000000000000e+00	8505
856	1.000000000000000e+00	8505
857	1.000000000000000e+00	8505
858	1.000000000000000e+00	8505
859	1.000000000000000e+00	8505
860	1.000000000000000e+00	8505
861	1.000000000000000e+00	8505
862	1.000000000000000e+00	8505
863	1.000000000000000e+00	8505
864	1.000000000000000e+00	8505
865	1.000000000000000e+00	8505
866	1.000000000000000e+00	8505
867	1.000000000000000e+00	8505
868	1.000000000000000e+00	8505
869	1.000000000000000e+00	8505
870	1.000000000000000e+00	8505
871	1.000000000000000e+00	8505
872	1.000000000000000e+00	8505
873	1.000000000000000e+00	8505
874	1.000000000000000e+00	8505
875	1.000000000000000e+00	8505
876	1.000000000000000e+00	8505
877	1.000000000000000e+00	8505
878	1.000000000000000e+00	8505
879	1.000000000000000e+00	8505
880	1.000000000000000e+00	8505
881	1.000000000000000e+00	8505
882	1.000000000000000e+00	8505
883	1.000000000000000e+00	8505
884	1.000000000000000e+00	8505
885	1.000000000000000e+00	8505
886	1.000000000000000e+00	8505
887	1.000000000000000e+00	8505
888	1.000000000000000e+00	8505
889	1.000000000000000e+00	8505
890	1.000000000000000e+00	8505
891	1.000000000000000e+00	8505
892	1.000000000000000e+00	8505
893	1.000000000000000e+00	8505
894	1.000000000000000e+00	8505
895	1.000000000000000e+00	8505
896	1.000000000000000e+00	8505
897	1.000000000000000e+00	8505
898	1.000000000000000e+00	8505
899	1.000000000000000e+00	8505
900	1.000000000000000e+00	8505
901	1.000000000000000e+00	8505
902	1.000000000000000e+00	8505
903	1.000000000000000e+00	8505
904	1.000000000000000e+00	8505
905	1.000000000000000e+00	8505
906	1.000000000000000e+00	8505
907	1.000000000000000e+00	8505
908	1.000000000000000e+00	8505
909	1.000000000000000e+00	8505
910	1.000000000000000e+00	8505
911	1.000000000000000e+00	8505
912	1.000000000000000e+00	8505
913	1.000000000000000e+00	8505
914	1.000000000000000e+00	8505
915	1.000000000000000e+00	8505
916	1.000000000000000e+00	8505
917	1.000000000000000e+00	8505
918	1.000000000000000e+00	8505
919	1.000000000000000e+00	8505
920	1.000000000000000e+00	8505
921	1.000000000000000e+00	8505
922	1.000000000000000e+00	8505
923	1.000000000000000e+00	8505
924	1.000000000000000e+00	8505
925	1.000000000000000e+00	8505
926	1.000000000000000e+00	8505
927	1.000000000000000e+00	8505
928	1.000000000000000e+00	8505
929	1.000000000000000e+00	8505
930	1.000000000000000e+00	8505
931	1.000000000000000e+00	8505
932	1.000000000000000e+00	8505
933	1.000000000000000e+00	8505
934	1.000000000000000e+00	8505
935	1.000000000000000e+00	8505
936	1.000000000000000e+00	8505
937	1.000000000000000e+00	8505
938	1.000000000000000e+00	8505
939	1.000000000000000e+00	8505
940	1.000000000000000e+00	8505
941	1.000000000000000e+00	8505
942	1.000000000000000e+00	8505
943	1.000000000000000e+00	8505
944	1.000000000000000e+00	8505
945	1.000000000000000e+00	8505
946	1.000000000000000e+00	8505
947	1.000000000000000e+00	8505
948	1.000000000000000e+00	8505
949	1.000000000000000e+00	8505
950	1.000000000000000e+00	8505
951	1.000000000000000e+00	8505
952	1.000000000000000e+00	8505
953	1.000000000000000e+00	8505
954	1.000000000000000e+00	8505
955	1.000000000000000e+00	8505
956	1.000000000000000e+00	8505
957	1.000000000000000e+00	8505
958	1.000000000000000e+00	8505
959	1.000000000000000e+00	8505
960	1.000000000000000e+00	8505
961	1.000000000000000e+00	8505
962	1.000000000000000e+00	8505
963	1.000000000000000e+00	8505
964	1.000000000000000e+00	8505
965	1.000000000000000e+00	8505
966	1.000000000000000e+00	8505
967	1.000000000000000e+00	8505
968	1.000000000000000e+00	8505
969	1.000000000000000e+00	8505
970	1.000000000000000e+00	8505
971	1.000000000000000e+00	8505
972	1.000000000000000e+00	8505
973	1.000000000000000e+00	8505
974	1.000000000000000e+00	8505
975	1.000000000000000e+00	8505
976	1.000000000000000e+00	8505
977	1.000000000000000e+00	8505
978	1.000000000000000e+00	8505
979	1.000000000000000e+00	8505
980	1.000000000000000e+00	8505
981	1.000000000000000e+00	8505
982	1.000000000000000e+00	8505
983	1.000000000000000e+00	8505
984	1.000000000000000e+00	8505
985	1.000000000000000e+00	8505
986	1.000000000000000e+00	8505
987	1.000000000000000e+00	8505
988	1.000000000000000e+00	8505
989	1.000000000000000e+00	8505
990	1.000000000000000e+00	8505
991	1.000000000000000e+00	8505
992	1.000000000000000e+00	8505
993	1.000000000000000e+00	8505
994	1.000000000000000e+00	8505
995	1.000000000000000e+00	8505
996	1.000000000000000e+00	8505
997	1.000000000000000e+00	8505
998	1.000000000000000e+00	8505
999	1.000000000000000e+00	8505
1000	1.000000000000000e+00	8505


Tempo gasto: 13.562168
