Método usado: C-GRASP

POSIÇÃO	ÁREA(mm²)	CUSTO

1	1.000000000000000e+00	19677
2	1.000000000000000e+00	19677
3	1.000000000000000e+00	19677
4	1.000000000000000e+00	19677
5	1.000000000000000e+00	19677
6	1.000000000000000e+00	19677
7	1.000000000000000e+00	19677
8	1.000000000000000e+00	19677
9	1.000000000000000e+00	19677
10	1.000000000000000e+00	19677
11	1.000000000000000e+00	19677
12	1.000000000000000e+00	19677
13	1.000000000000000e+00	19677
14	1.000000000000000e+00	19677
15	1.000000000000000e+00	19677
16	1.000000000000000e+00	19677
17	1.000000000000000e+00	19677
18	1.000000000000000e+00	19677
19	1.000000000000000e+00	19677
20	1.000000000000000e+00	19677
21	1.000000000000000e+00	19677
22	1.000000000000000e+00	19677
23	1.000000000000000e+00	19677
24	1.000000000000000e+00	19677
25	1.000000000000000e+00	19677
26	1.000000000000000e+00	19677
27	1.000000000000000e+00	19677
28	1.000000000000000e+00	19677
29	1.000000000000000e+00	19677
30	1.000000000000000e+00	19677
31	1.000000000000000e+00	19677
32	1.000000000000000e+00	19677
33	1.000000000000000e+00	19677
34	1.000000000000000e+00	19677
35	1.000000000000000e+00	19677
36	1.000000000000000e+00	19677
37	1.000000000000000e+00	19677
38	1.000000000000000e+00	19677
39	1.000000000000000e+00	19677
40	1.000000000000000e+00	19677
41	1.000000000000000e+00	19677
42	1.000000000000000e+00	19677
43	1.000000000000000e+00	19677
44	1.000000000000000e+00	19677
45	1.000000000000000e+00	19677
46	1.000000000000000e+00	19677
47	1.000000000000000e+00	19677
48	1.000000000000000e+00	19677
49	1.000000000000000e+00	19677
50	1.000000000000000e+00	19677
51	1.000000000000000e+00	19677
52	1.000000000000000e+00	19677
53	1.000000000000000e+00	19677
54	1.000000000000000e+00	19677
55	1.000000000000000e+00	19677
56	1.000000000000000e+00	19677
57	1.000000000000000e+00	19677
58	1.000000000000000e+00	19677
59	1.000000000000000e+00	19677
60	1.000000000000000e+00	19677
61	1.000000000000000e+00	19677
62	1.000000000000000e+00	19677
63	1.000000000000000e+00	19677
64	1.000000000000000e+00	19677
65	1.000000000000000e+00	19677
66	1.000000000000000e+00	19677
67	1.000000000000000e+00	19677
68	1.000000000000000e+00	19677
69	1.000000000000000e+00	19677
70	1.000000000000000e+00	19677
71	1.000000000000000e+00	19677
72	1.000000000000000e+00	19677
73	1.000000000000000e+00	19677
74	1.000000000000000e+00	19677
75	1.000000000000000e+00	19677
76	1.000000000000000e+00	19677
77	1.000000000000000e+00	19677
78	1.000000000000000e+00	19677
79	1.000000000000000e+00	19677
80	1.000000000000000e+00	19677
81	1.000000000000000e+00	19677
82	1.000000000000000e+00	19677
83	1.000000000000000e+00	19677
84	1.000000000000000e+00	19677
85	1.000000000000000e+00	19677
86	1.000000000000000e+00	19677
87	1.000000000000000e+00	19677
88	1.000000000000000e+00	19677
89	1.000000000000000e+00	19677
90	1.000000000000000e+00	19677
91	1.000000000000000e+00	19677
92	1.000000000000000e+00	19677
93	1.000000000000000e+00	19677
94	1.000000000000000e+00	19677
95	1.000000000000000e+00	19677
96	1.000000000000000e+00	19677
97	1.000000000000000e+00	19677
98	1.000000000000000e+00	19677
99	1.000000000000000e+00	19677
100	1.000000000000000e+00	19677
101	1.000000000000000e+00	19677
102	1.000000000000000e+00	19677
103	1.000000000000000e+00	19677
104	1.000000000000000e+00	19677
105	1.000000000000000e+00	19677
106	1.000000000000000e+00	19677
107	1.000000000000000e+00	19677
108	1.000000000000000e+00	19677
109	1.000000000000000e+00	19677
110	1.000000000000000e+00	19677
111	1.000000000000000e+00	19677
112	1.000000000000000e+00	19677
113	1.000000000000000e+00	19677
114	1.000000000000000e+00	19677
115	1.000000000000000e+00	19677
116	1.000000000000000e+00	19677
117	1.000000000000000e+00	19677
118	1.000000000000000e+00	19677
119	1.000000000000000e+00	19677
120	1.000000000000000e+00	19677
121	1.000000000000000e+00	19677
122	1.000000000000000e+00	19677
123	1.000000000000000e+00	19677
124	1.000000000000000e+00	19677
125	1.000000000000000e+00	19677
126	1.000000000000000e+00	19677
127	1.000000000000000e+00	19677
128	1.000000000000000e+00	19677
129	1.000000000000000e+00	19677
130	1.000000000000000e+00	19677
131	1.000000000000000e+00	19677
132	1.000000000000000e+00	19677
133	1.000000000000000e+00	19677
134	1.000000000000000e+00	19677
135	1.000000000000000e+00	19677
136	1.000000000000000e+00	19677
137	1.000000000000000e+00	19677
138	1.000000000000000e+00	19677
139	1.000000000000000e+00	19677
140	1.000000000000000e+00	19677
141	1.000000000000000e+00	19677
142	1.000000000000000e+00	19677
143	1.000000000000000e+00	19677
144	1.000000000000000e+00	19677
145	1.000000000000000e+00	19677
146	1.000000000000000e+00	19677
147	1.000000000000000e+00	19677
148	1.000000000000000e+00	19677
149	1.000000000000000e+00	19677
150	1.000000000000000e+00	19677
151	1.000000000000000e+00	19677
152	1.000000000000000e+00	19677
153	1.000000000000000e+00	19677
154	1.000000000000000e+00	19677
155	1.000000000000000e+00	19677
156	1.000000000000000e+00	19677
157	1.000000000000000e+00	19677
158	1.000000000000000e+00	19677
159	1.000000000000000e+00	19677
160	1.000000000000000e+00	19677
161	1.000000000000000e+00	19677
162	1.000000000000000e+00	19677
163	1.000000000000000e+00	19677
164	1.000000000000000e+00	19677
165	1.000000000000000e+00	19677
166	1.000000000000000e+00	19677
167	1.000000000000000e+00	19677
168	1.000000000000000e+00	19677
169	1.000000000000000e+00	19677
170	1.000000000000000e+00	19677
171	1.000000000000000e+00	19677
172	1.000000000000000e+00	19677
173	1.000000000000000e+00	19677
174	1.000000000000000e+00	19677
175	1.000000000000000e+00	19677
176	1.000000000000000e+00	19677
177	1.000000000000000e+00	19677
178	1.000000000000000e+00	19677
179	1.000000000000000e+00	19677
180	1.000000000000000e+00	19677
181	1.000000000000000e+00	19677
182	1.000000000000000e+00	19677
183	1.000000000000000e+00	19677
184	1.000000000000000e+00	19677
185	1.000000000000000e+00	19677
186	1.000000000000000e+00	19677
187	1.000000000000000e+00	19677
188	1.000000000000000e+00	19677
189	1.000000000000000e+00	19677
190	1.000000000000000e+00	19677
191	1.000000000000000e+00	19677
192	1.000000000000000e+00	19677
193	1.000000000000000e+00	19677
194	1.000000000000000e+00	19677
195	1.000000000000000e+00	19677
196	1.000000000000000e+00	19677
197	1.000000000000000e+00	19677
198	1.000000000000000e+00	19677
199	1.000000000000000e+00	19677
200	1.000000000000000e+00	19677
201	1.000000000000000e+00	19677
202	1.000000000000000e+00	19677
203	1.000000000000000e+00	19677
204	1.000000000000000e+00	19677
205	1.000000000000000e+00	19677
206	1.000000000000000e+00	19677
207	1.000000000000000e+00	19677
208	1.000000000000000e+00	19677
209	1.000000000000000e+00	19677
210	1.000000000000000e+00	19677
211	1.000000000000000e+00	19677
212	1.000000000000000e+00	19677
213	1.000000000000000e+00	19677
214	1.000000000000000e+00	19677
215	1.000000000000000e+00	19677
216	1.000000000000000e+00	19677
217	1.000000000000000e+00	19677
218	1.000000000000000e+00	19677
219	1.000000000000000e+00	19677
220	1.000000000000000e+00	19677
221	1.000000000000000e+00	19677
222	1.000000000000000e+00	19677
223	1.000000000000000e+00	19677
224	1.000000000000000e+00	19677
225	1.000000000000000e+00	19677
226	1.000000000000000e+00	19677
227	1.000000000000000e+00	19677
228	1.000000000000000e+00	19677
229	1.000000000000000e+00	19677
230	1.000000000000000e+00	19677
231	1.000000000000000e+00	19677
232	1.000000000000000e+00	19677
233	1.000000000000000e+00	19677
234	1.000000000000000e+00	19677
235	1.000000000000000e+00	19677
236	1.000000000000000e+00	19677
237	1.000000000000000e+00	19677
238	1.000000000000000e+00	19677
239	1.000000000000000e+00	19677
240	1.000000000000000e+00	19677
241	1.000000000000000e+00	19677
242	1.000000000000000e+00	19677
243	1.000000000000000e+00	19677
244	1.000000000000000e+00	19677
245	1.000000000000000e+00	19677
246	1.000000000000000e+00	19677
247	1.000000000000000e+00	19677
248	1.000000000000000e+00	19677
249	1.000000000000000e+00	19677
250	1.000000000000000e+00	19677
251	1.000000000000000e+00	19677
252	1.000000000000000e+00	19677
253	1.000000000000000e+00	19677
254	1.000000000000000e+00	19677
255	1.000000000000000e+00	19677
256	1.000000000000000e+00	19677
257	1.000000000000000e+00	19677
258	1.000000000000000e+00	19677
259	1.000000000000000e+00	19677
260	1.000000000000000e+00	19677
261	1.000000000000000e+00	19677
262	1.000000000000000e+00	19677
263	1.000000000000000e+00	19677
264	1.000000000000000e+00	19677
265	1.000000000000000e+00	19677
266	1.000000000000000e+00	19677
267	1.000000000000000e+00	19677
268	1.000000000000000e+00	19677
269	1.000000000000000e+00	19677
270	1.000000000000000e+00	19677
271	1.000000000000000e+00	19677
272	1.000000000000000e+00	19677
273	1.000000000000000e+00	19677
274	1.000000000000000e+00	19677
275	1.000000000000000e+00	19677
276	1.000000000000000e+00	19677
277	1.000000000000000e+00	19677
278	1.000000000000000e+00	19677
279	1.000000000000000e+00	19677
280	1.000000000000000e+00	19677
281	1.000000000000000e+00	19677
282	1.000000000000000e+00	19677
283	1.000000000000000e+00	19677
284	1.000000000000000e+00	19677
285	1.000000000000000e+00	19677
286	1.000000000000000e+00	19677
287	1.000000000000000e+00	19677
288	1.000000000000000e+00	19677
289	1.000000000000000e+00	19677
290	1.000000000000000e+00	19677
291	1.000000000000000e+00	19677
292	1.000000000000000e+00	19677
293	1.000000000000000e+00	19677
294	1.000000000000000e+00	19677
295	1.000000000000000e+00	19677
296	1.000000000000000e+00	19677
297	1.000000000000000e+00	19677
298	1.000000000000000e+00	19677
299	1.000000000000000e+00	19677
300	1.000000000000000e+00	19677
301	1.000000000000000e+00	19677
302	1.000000000000000e+00	19677
303	1.000000000000000e+00	19677
304	1.000000000000000e+00	19677
305	1.000000000000000e+00	19677
306	1.000000000000000e+00	19677
307	1.000000000000000e+00	19677
308	1.000000000000000e+00	19677
309	1.000000000000000e+00	19677
310	1.000000000000000e+00	19677
311	1.000000000000000e+00	19677
312	1.000000000000000e+00	19677
313	1.000000000000000e+00	19677
314	1.000000000000000e+00	19677
315	1.000000000000000e+00	19677
316	1.000000000000000e+00	19677
317	1.000000000000000e+00	19677
318	1.000000000000000e+00	19677
319	1.000000000000000e+00	19677
320	1.000000000000000e+00	19677
321	1.000000000000000e+00	19677
322	1.000000000000000e+00	19677
323	1.000000000000000e+00	19677
324	1.000000000000000e+00	19677
325	1.000000000000000e+00	19677
326	1.000000000000000e+00	19677
327	1.000000000000000e+00	19677
328	1.000000000000000e+00	19677
329	1.000000000000000e+00	19677
330	1.000000000000000e+00	19677
331	1.000000000000000e+00	19677
332	1.000000000000000e+00	19677
333	1.000000000000000e+00	19677
334	1.000000000000000e+00	19677
335	1.000000000000000e+00	19677
336	1.000000000000000e+00	19677
337	1.000000000000000e+00	19677
338	1.000000000000000e+00	19677
339	1.000000000000000e+00	19677
340	1.000000000000000e+00	19677
341	1.000000000000000e+00	19677
342	1.000000000000000e+00	19677
343	1.000000000000000e+00	19677
344	1.000000000000000e+00	19677
345	1.000000000000000e+00	19677
346	1.000000000000000e+00	19677
347	1.000000000000000e+00	19677
348	1.000000000000000e+00	19677
349	1.000000000000000e+00	19677
350	1.000000000000000e+00	19677
351	1.000000000000000e+00	19677
352	1.000000000000000e+00	19677
353	1.000000000000000e+00	19677
354	1.000000000000000e+00	19677
355	1.000000000000000e+00	19677
356	1.000000000000000e+00	19677
357	1.000000000000000e+00	19677
358	1.000000000000000e+00	19677
359	1.000000000000000e+00	19677
360	1.000000000000000e+00	19677
361	1.000000000000000e+00	19677
362	1.000000000000000e+00	19677
363	1.000000000000000e+00	19677
364	1.000000000000000e+00	19677
365	1.000000000000000e+00	19677
366	1.000000000000000e+00	19677
367	1.000000000000000e+00	19677
368	1.000000000000000e+00	19677
369	1.000000000000000e+00	19677
370	1.000000000000000e+00	19677
371	1.000000000000000e+00	19677
372	1.000000000000000e+00	19677
373	1.000000000000000e+00	19677
374	1.000000000000000e+00	19677
375	1.000000000000000e+00	19677
376	1.000000000000000e+00	19677
377	1.000000000000000e+00	19677
378	1.000000000000000e+00	19677
379	1.000000000000000e+00	19677
380	1.000000000000000e+00	19677
381	1.000000000000000e+00	19677
382	1.000000000000000e+00	19677
383	1.000000000000000e+00	19677
384	1.000000000000000e+00	19677
385	1.000000000000000e+00	19677
386	1.000000000000000e+00	19677
387	1.000000000000000e+00	19677
388	1.000000000000000e+00	19677
389	1.000000000000000e+00	19677
390	1.000000000000000e+00	19677
391	1.000000000000000e+00	19677
392	1.000000000000000e+00	19677
393	1.000000000000000e+00	19677
394	1.000000000000000e+00	19677
395	1.000000000000000e+00	19677
396	1.000000000000000e+00	19677
397	1.000000000000000e+00	19677
398	1.000000000000000e+00	19677
399	1.000000000000000e+00	19677
400	1.000000000000000e+00	19677
401	1.000000000000000e+00	19677
402	1.000000000000000e+00	19677
403	1.000000000000000e+00	19677
404	1.000000000000000e+00	19677
405	1.000000000000000e+00	19677
406	1.000000000000000e+00	19677
407	1.000000000000000e+00	19677
408	1.000000000000000e+00	19677
409	1.000000000000000e+00	19677
410	1.000000000000000e+00	19677
411	1.000000000000000e+00	19677
412	1.000000000000000e+00	19677
413	1.000000000000000e+00	19677
414	1.000000000000000e+00	19677
415	1.000000000000000e+00	19677
416	1.000000000000000e+00	19677
417	1.000000000000000e+00	19677
418	1.000000000000000e+00	19677
419	1.000000000000000e+00	19677
420	1.000000000000000e+00	19677
421	1.000000000000000e+00	19677
422	1.000000000000000e+00	19677
423	1.000000000000000e+00	19677
424	1.000000000000000e+00	19677
425	1.000000000000000e+00	19677
426	1.000000000000000e+00	19677
427	1.000000000000000e+00	19677
428	1.000000000000000e+00	19677
429	1.000000000000000e+00	19677
430	1.000000000000000e+00	19677
431	1.000000000000000e+00	19677
432	1.000000000000000e+00	19677
433	1.000000000000000e+00	19677
434	1.000000000000000e+00	19677
435	1.000000000000000e+00	19677
436	1.000000000000000e+00	19677
437	1.000000000000000e+00	19677
438	1.000000000000000e+00	19677
439	1.000000000000000e+00	19677
440	1.000000000000000e+00	19677
441	1.000000000000000e+00	19677
442	1.000000000000000e+00	19677
443	1.000000000000000e+00	19677
444	1.000000000000000e+00	19677
445	1.000000000000000e+00	19677
446	1.000000000000000e+00	19677
447	1.000000000000000e+00	19677
448	1.000000000000000e+00	19677
449	1.000000000000000e+00	19677
450	1.000000000000000e+00	19677
451	1.000000000000000e+00	19677
452	1.000000000000000e+00	19677
453	1.000000000000000e+00	19677
454	1.000000000000000e+00	19677
455	1.000000000000000e+00	19677
456	1.000000000000000e+00	19677
457	1.000000000000000e+00	19677
458	1.000000000000000e+00	19677
459	1.000000000000000e+00	19677
460	1.000000000000000e+00	19677
461	1.000000000000000e+00	19677
462	1.000000000000000e+00	19677
463	1.000000000000000e+00	19677
464	1.000000000000000e+00	19677
465	1.000000000000000e+00	19677
466	1.000000000000000e+00	19677
467	1.000000000000000e+00	19677
468	1.000000000000000e+00	19677
469	1.000000000000000e+00	19677
470	1.000000000000000e+00	19677
471	1.000000000000000e+00	19677
472	1.000000000000000e+00	19677
473	1.000000000000000e+00	19677
474	1.000000000000000e+00	19677
475	1.000000000000000e+00	19677
476	1.000000000000000e+00	19677
477	1.000000000000000e+00	19677
478	1.000000000000000e+00	19677
479	1.000000000000000e+00	19677
480	1.000000000000000e+00	19677
481	1.000000000000000e+00	19677
482	1.000000000000000e+00	19677
483	1.000000000000000e+00	19677
484	1.000000000000000e+00	19677
485	1.000000000000000e+00	19677
486	1.000000000000000e+00	19677
487	1.000000000000000e+00	19677
488	1.000000000000000e+00	19677
489	1.000000000000000e+00	19677
490	1.000000000000000e+00	19677
491	9.500000000000003e-01	18740
492	9.000000000000002e-01	17803
493	8.490000000000002e-01	24362
494	8.000000000000002e-01	15929
495	7.500000000000001e-01	14992
496	7.000000000000001e-01	14055
497	6.500000000000000e-01	13118
498	6.000000000000000e-01	12181
499	5.499999999999999e-01	11244
500	4.999999999999999e-01	10307
501	5.499999999999999e-01	11244
502	6.000000000000000e-01	12181
503	6.500000000000000e-01	13118
504	7.000000000000001e-01	14055
505	7.500000000000001e-01	14992
506	8.000000000000002e-01	15929
507	8.500000000000002e-01	16866
508	9.000000000000002e-01	17803
509	9.500000000000003e-01	18740
510	9.000000000000002e-01	17803
511	8.500000000000002e-01	16866
512	8.000000000000002e-01	15929
513	7.500000000000001e-01	14992
514	8.000000000000002e-01	15929
515	8.500000000000002e-01	16866
516	9.000000000000002e-01	17803
517	9.500000000000003e-01	18740
518	1.000000000000000e+00	19677
519	1.000000000000000e+00	19677
520	1.000000000000000e+00	19677
521	1.000000000000000e+00	19677
522	1.000000000000000e+00	19677
523	1.000000000000000e+00	19677
524	1.000000000000000e+00	19677
525	1.000000000000000e+00	19677
526	1.000000000000000e+00	19677
527	1.000000000000000e+00	19677
528	1.000000000000000e+00	19677
529	1.000000000000000e+00	19677
530	1.000000000000000e+00	19677
531	1.000000000000000e+00	19677
532	1.000000000000000e+00	19677
533	1.000000000000000e+00	19677
534	1.000000000000000e+00	19677
535	1.000000000000000e+00	19677
536	1.000000000000000e+00	19677
537	1.000000000000000e+00	19677
538	1.000000000000000e+00	19677
539	1.000000000000000e+00	19677
540	1.000000000000000e+00	19677
541	1.000000000000000e+00	19677
542	1.000000000000000e+00	19677
543	1.000000000000000e+00	19677
544	1.000000000000000e+00	19677
545	1.000000000000000e+00	19677
546	1.000000000000000e+00	19677
547	1.000000000000000e+00	19677
548	1.000000000000000e+00	19677
549	1.000000000000000e+00	19677
550	1.000000000000000e+00	19677
551	1.000000000000000e+00	19677
552	1.000000000000000e+00	19677
553	1.000000000000000e+00	19677
554	1.000000000000000e+00	19677
555	1.000000000000000e+00	19677
556	1.000000000000000e+00	19677
557	1.000000000000000e+00	19677
558	1.000000000000000e+00	19677
559	1.000000000000000e+00	19677
560	1.000000000000000e+00	19677
561	1.000000000000000e+00	19677
562	1.000000000000000e+00	19677
563	1.000000000000000e+00	19677
564	1.000000000000000e+00	19677
565	1.000000000000000e+00	19677
566	1.000000000000000e+00	19677
567	1.000000000000000e+00	19677
568	1.000000000000000e+00	19677
569	1.000000000000000e+00	19677
570	1.000000000000000e+00	19677
571	1.000000000000000e+00	19677
572	1.000000000000000e+00	19677
573	1.000000000000000e+00	19677
574	1.000000000000000e+00	19677
575	1.000000000000000e+00	19677
576	1.000000000000000e+00	19677
577	1.000000000000000e+00	19677
578	1.000000000000000e+00	19677
579	1.000000000000000e+00	19677
580	1.000000000000000e+00	19677
581	1.000000000000000e+00	19677
582	1.000000000000000e+00	19677
583	1.000000000000000e+00	19677
584	1.000000000000000e+00	19677
585	1.000000000000000e+00	19677
586	1.000000000000000e+00	19677
587	1.000000000000000e+00	19677
588	1.000000000000000e+00	19677
589	1.000000000000000e+00	19677
590	1.000000000000000e+00	19677
591	1.000000000000000e+00	19677
592	1.000000000000000e+00	19677
593	1.000000000000000e+00	19677
594	1.000000000000000e+00	19677
595	1.000000000000000e+00	19677
596	1.000000000000000e+00	19677
597	1.000000000000000e+00	19677
598	1.000000000000000e+00	19677
599	1.000000000000000e+00	19677
600	1.000000000000000e+00	19677
601	1.000000000000000e+00	19677
602	1.000000000000000e+00	19677
603	1.000000000000000e+00	19677
604	1.000000000000000e+00	19677
605	1.000000000000000e+00	19677
606	1.000000000000000e+00	19677
607	1.000000000000000e+00	19677
608	1.000000000000000e+00	19677
609	1.000000000000000e+00	19677
610	1.000000000000000e+00	19677
611	1.000000000000000e+00	19677
612	1.000000000000000e+00	19677
613	1.000000000000000e+00	19677
614	1.000000000000000e+00	19677
615	1.000000000000000e+00	19677
616	1.000000000000000e+00	19677
617	1.000000000000000e+00	19677
618	1.000000000000000e+00	19677
619	1.000000000000000e+00	19677
620	1.000000000000000e+00	19677
621	1.000000000000000e+00	19677
622	1.000000000000000e+00	19677
623	1.000000000000000e+00	19677
624	1.000000000000000e+00	19677
625	1.000000000000000e+00	19677
626	1.000000000000000e+00	19677
627	1.000000000000000e+00	19677
628	1.000000000000000e+00	19677
629	1.000000000000000e+00	19677
630	1.000000000000000e+00	19677
631	1.000000000000000e+00	19677
632	1.000000000000000e+00	19677
633	1.000000000000000e+00	19677
634	1.000000000000000e+00	19677
635	1.000000000000000e+00	19677
636	1.000000000000000e+00	19677
637	1.000000000000000e+00	19677
638	1.000000000000000e+00	19677
639	1.000000000000000e+00	19677
640	1.000000000000000e+00	19677
641	1.000000000000000e+00	19677
642	1.000000000000000e+00	19677
643	1.000000000000000e+00	19677
644	1.000000000000000e+00	19677
645	1.000000000000000e+00	19677
646	1.000000000000000e+00	19677
647	1.000000000000000e+00	19677
648	1.000000000000000e+00	19677
649	1.000000000000000e+00	19677
650	1.000000000000000e+00	19677
651	1.000000000000000e+00	19677
652	1.000000000000000e+00	19677
653	1.000000000000000e+00	19677
654	1.000000000000000e+00	19677
655	1.000000000000000e+00	19677
656	1.000000000000000e+00	19677
657	1.000000000000000e+00	19677
658	1.000000000000000e+00	19677
659	1.000000000000000e+00	19677
660	1.000000000000000e+00	19677
661	1.000000000000000e+00	19677
662	1.000000000000000e+00	19677
663	1.000000000000000e+00	19677
664	1.000000000000000e+00	19677
665	1.000000000000000e+00	19677
666	1.000000000000000e+00	19677
667	1.000000000000000e+00	19677
668	1.000000000000000e+00	19677
669	1.000000000000000e+00	19677
670	1.000000000000000e+00	19677
671	1.000000000000000e+00	19677
672	1.000000000000000e+00	19677
673	1.000000000000000e+00	19677
674	1.000000000000000e+00	19677
675	1.000000000000000e+00	19677
676	1.000000000000000e+00	19677
677	1.000000000000000e+00	19677
678	1.000000000000000e+00	19677
679	1.000000000000000e+00	19677
680	1.000000000000000e+00	19677
681	1.000000000000000e+00	19677
682	1.000000000000000e+00	19677
683	1.000000000000000e+00	19677
684	1.000000000000000e+00	19677
685	1.000000000000000e+00	19677
686	1.000000000000000e+00	19677
687	1.000000000000000e+00	19677
688	1.000000000000000e+00	19677
689	1.000000000000000e+00	19677
690	1.000000000000000e+00	19677
691	1.000000000000000e+00	19677
692	1.000000000000000e+00	19677
693	1.000000000000000e+00	19677
694	1.000000000000000e+00	19677
695	1.000000000000000e+00	19677
696	1.000000000000000e+00	19677
697	1.000000000000000e+00	19677
698	1.000000000000000e+00	19677
699	1.000000000000000e+00	19677
700	1.000000000000000e+00	19677
701	1.000000000000000e+00	19677
702	1.000000000000000e+00	19677
703	1.000000000000000e+00	19677
704	1.000000000000000e+00	19677
705	1.000000000000000e+00	19677
706	1.000000000000000e+00	19677
707	1.000000000000000e+00	19677
708	1.000000000000000e+00	19677
709	1.000000000000000e+00	19677
710	1.000000000000000e+00	19677
711	1.000000000000000e+00	19677
712	1.000000000000000e+00	19677
713	1.000000000000000e+00	19677
714	1.000000000000000e+00	19677
715	1.000000000000000e+00	19677
716	1.000000000000000e+00	19677
717	1.000000000000000e+00	19677
718	1.000000000000000e+00	19677
719	1.000000000000000e+00	19677
720	1.000000000000000e+00	19677
721	1.000000000000000e+00	19677
722	1.000000000000000e+00	19677
723	1.000000000000000e+00	19677
724	1.000000000000000e+00	19677
725	1.000000000000000e+00	19677
726	1.000000000000000e+00	19677
727	1.000000000000000e+00	19677
728	1.000000000000000e+00	19677
729	1.000000000000000e+00	19677
730	1.000000000000000e+00	19677
731	1.000000000000000e+00	19677
732	1.000000000000000e+00	19677
733	1.000000000000000e+00	19677
734	1.000000000000000e+00	19677
735	1.000000000000000e+00	19677
736	1.000000000000000e+00	19677
737	1.000000000000000e+00	19677
738	1.000000000000000e+00	19677
739	1.000000000000000e+00	19677
740	1.000000000000000e+00	19677
741	1.000000000000000e+00	19677
742	1.000000000000000e+00	19677
743	1.000000000000000e+00	19677
744	1.000000000000000e+00	19677
745	1.000000000000000e+00	19677
746	1.000000000000000e+00	19677
747	1.000000000000000e+00	19677
748	1.000000000000000e+00	19677
749	1.000000000000000e+00	19677
750	1.000000000000000e+00	19677
751	1.000000000000000e+00	19677
752	1.000000000000000e+00	19677
753	1.000000000000000e+00	19677
754	1.000000000000000e+00	19677
755	1.000000000000000e+00	19677
756	1.000000000000000e+00	19677
757	1.000000000000000e+00	19677
758	1.000000000000000e+00	19677
759	1.000000000000000e+00	19677
760	1.000000000000000e+00	19677
761	1.000000000000000e+00	19677
762	1.000000000000000e+00	19677
763	1.000000000000000e+00	19677
764	1.000000000000000e+00	19677
765	1.000000000000000e+00	19677
766	1.000000000000000e+00	19677
767	1.000000000000000e+00	19677
768	1.000000000000000e+00	19677
769	1.000000000000000e+00	19677
770	1.000000000000000e+00	19677
771	1.000000000000000e+00	19677
772	1.000000000000000e+00	19677
773	1.000000000000000e+00	19677
774	1.000000000000000e+00	19677
775	1.000000000000000e+00	19677
776	1.000000000000000e+00	19677
777	1.000000000000000e+00	19677
778	1.000000000000000e+00	19677
779	1.000000000000000e+00	19677
780	1.000000000000000e+00	19677
781	1.000000000000000e+00	19677
782	1.000000000000000e+00	19677
783	1.000000000000000e+00	19677
784	1.000000000000000e+00	19677
785	1.000000000000000e+00	19677
786	1.000000000000000e+00	19677
787	1.000000000000000e+00	19677
788	1.000000000000000e+00	19677
789	1.000000000000000e+00	19677
790	1.000000000000000e+00	19677
791	1.000000000000000e+00	19677
792	1.000000000000000e+00	19677
793	1.000000000000000e+00	19677
794	1.000000000000000e+00	19677
795	1.000000000000000e+00	19677
796	1.000000000000000e+00	19677
797	1.000000000000000e+00	19677
798	1.000000000000000e+00	19677
799	1.000000000000000e+00	19677
800	1.000000000000000e+00	19677
801	1.000000000000000e+00	19677
802	1.000000000000000e+00	19677
803	1.000000000000000e+00	19677
804	1.000000000000000e+00	19677
805	1.000000000000000e+00	19677
806	1.000000000000000e+00	19677
807	1.000000000000000e+00	19677
808	1.000000000000000e+00	19677
809	1.000000000000000e+00	19677
810	1.000000000000000e+00	19677
811	1.000000000000000e+00	19677
812	1.000000000000000e+00	19677
813	1.000000000000000e+00	19677
814	1.000000000000000e+00	19677
815	1.000000000000000e+00	19677
816	1.000000000000000e+00	19677
817	1.000000000000000e+00	19677
818	1.000000000000000e+00	19677
819	1.000000000000000e+00	19677
820	1.000000000000000e+00	19677
821	1.000000000000000e+00	19677
822	1.000000000000000e+00	19677
823	1.000000000000000e+00	19677
824	1.000000000000000e+00	19677
825	1.000000000000000e+00	19677
826	1.000000000000000e+00	19677
827	1.000000000000000e+00	19677
828	1.000000000000000e+00	19677
829	1.000000000000000e+00	19677
830	1.000000000000000e+00	19677
831	1.000000000000000e+00	19677
832	1.000000000000000e+00	19677
833	1.000000000000000e+00	19677
834	1.000000000000000e+00	19677
835	1.000000000000000e+00	19677
836	1.000000000000000e+00	19677
837	1.000000000000000e+00	19677
838	1.000000000000000e+00	19677
839	1.000000000000000e+00	19677
840	1.000000000000000e+00	19677
841	1.000000000000000e+00	19677
842	1.000000000000000e+00	19677
843	1.000000000000000e+00	19677
844	1.000000000000000e+00	19677
845	1.000000000000000e+00	19677
846	1.000000000000000e+00	19677
847	1.000000000000000e+00	19677
848	1.000000000000000e+00	19677
849	1.000000000000000e+00	19677
850	1.000000000000000e+00	19677
851	1.000000000000000e+00	19677
852	1.000000000000000e+00	19677
853	1.000000000000000e+00	19677
854	1.000000000000000e+00	19677
855	1.000000000000000e+00	19677
856	1.000000000000000e+00	19677
857	1.000000000000000e+00	19677
858	1.000000000000000e+00	19677
859	1.000000000000000e+00	19677
860	1.000000000000000e+00	19677
861	1.000000000000000e+00	19677
862	1.000000000000000e+00	19677
863	1.000000000000000e+00	19677
864	1.000000000000000e+00	19677
865	1.000000000000000e+00	19677
866	1.000000000000000e+00	19677
867	1.000000000000000e+00	19677
868	1.000000000000000e+00	19677
869	1.000000000000000e+00	19677
870	1.000000000000000e+00	19677
871	1.000000000000000e+00	19677
872	1.000000000000000e+00	19677
873	1.000000000000000e+00	19677
874	1.000000000000000e+00	19677
875	1.000000000000000e+00	19677
876	1.000000000000000e+00	19677
877	1.000000000000000e+00	19677
878	1.000000000000000e+00	19677
879	1.000000000000000e+00	19677
880	1.000000000000000e+00	19677
881	1.000000000000000e+00	19677
882	1.000000000000000e+00	19677
883	1.000000000000000e+00	19677
884	1.000000000000000e+00	19677
885	1.000000000000000e+00	19677
886	1.000000000000000e+00	19677
887	1.000000000000000e+00	19677
888	1.000000000000000e+00	19677
889	1.000000000000000e+00	19677
890	1.000000000000000e+00	19677
891	1.000000000000000e+00	19677
892	1.000000000000000e+00	19677
893	1.000000000000000e+00	19677
894	1.000000000000000e+00	19677
895	1.000000000000000e+00	19677
896	1.000000000000000e+00	19677
897	1.000000000000000e+00	19677
898	1.000000000000000e+00	19677
899	1.000000000000000e+00	19677
900	1.000000000000000e+00	19677
901	1.000000000000000e+00	19677
902	1.000000000000000e+00	19677
903	1.000000000000000e+00	19677
904	1.000000000000000e+00	19677
905	1.000000000000000e+00	19677
906	1.000000000000000e+00	19677
907	1.000000000000000e+00	19677
908	1.000000000000000e+00	19677
909	1.000000000000000e+00	19677
910	1.000000000000000e+00	19677
911	1.000000000000000e+00	19677
912	1.000000000000000e+00	19677
913	1.000000000000000e+00	19677
914	1.000000000000000e+00	19677
915	1.000000000000000e+00	19677
916	1.000000000000000e+00	19677
917	1.000000000000000e+00	19677
918	1.000000000000000e+00	19677
919	1.000000000000000e+00	19677
920	1.000000000000000e+00	19677
921	1.000000000000000e+00	19677
922	1.000000000000000e+00	19677
923	1.000000000000000e+00	19677
924	1.000000000000000e+00	19677
925	1.000000000000000e+00	19677
926	1.000000000000000e+00	19677
927	1.000000000000000e+00	19677
928	1.000000000000000e+00	19677
929	1.000000000000000e+00	19677
930	1.000000000000000e+00	19677
931	1.000000000000000e+00	19677
932	1.000000000000000e+00	19677
933	1.000000000000000e+00	19677
934	1.000000000000000e+00	19677
935	1.000000000000000e+00	19677
936	1.000000000000000e+00	19677
937	1.000000000000000e+00	19677
938	1.000000000000000e+00	19677
939	1.000000000000000e+00	19677
940	1.000000000000000e+00	19677
941	1.000000000000000e+00	19677
942	1.000000000000000e+00	19677
943	1.000000000000000e+00	19677
944	1.000000000000000e+00	19677
945	1.000000000000000e+00	19677
946	1.000000000000000e+00	19677
947	1.000000000000000e+00	19677
948	1.000000000000000e+00	19677
949	1.000000000000000e+00	19677
950	1.000000000000000e+00	19677
951	1.000000000000000e+00	19677
952	1.000000000000000e+00	19677
953	1.000000000000000e+00	19677
954	1.000000000000000e+00	19677
955	1.000000000000000e+00	19677
956	1.000000000000000e+00	19677
957	1.000000000000000e+00	19677
958	1.000000000000000e+00	19677
959	1.000000000000000e+00	19677
960	1.000000000000000e+00	19677
961	1.000000000000000e+00	19677
962	1.000000000000000e+00	19677
963	1.000000000000000e+00	19677
964	1.000000000000000e+00	19677
965	1.000000000000000e+00	19677
966	1.000000000000000e+00	19677
967	1.000000000000000e+00	19677
968	1.000000000000000e+00	19677
969	1.000000000000000e+00	19677
970	1.000000000000000e+00	19677
971	1.000000000000000e+00	19677
972	1.000000000000000e+00	19677
973	1.000000000000000e+00	19677
974	1.000000000000000e+00	19677
975	1.000000000000000e+00	19677
976	1.000000000000000e+00	19677
977	1.000000000000000e+00	19677
978	1.000000000000000e+00	19677
979	1.000000000000000e+00	19677
980	1.000000000000000e+00	19677
981	1.000000000000000e+00	19677
982	1.000000000000000e+00	19677
983	1.000000000000000e+00	19677
984	1.000000000000000e+00	19677
985	1.000000000000000e+00	19677
986	1.000000000000000e+00	19677
987	1.000000000000000e+00	19677
988	1.000000000000000e+00	19677
989	1.000000000000000e+00	19677
990	1.000000000000000e+00	19677
991	1.000000000000000e+00	19677
992	1.000000000000000e+00	19677
993	1.000000000000000e+00	19677
994	1.000000000000000e+00	19677
995	1.000000000000000e+00	19677
996	1.000000000000000e+00	19677
997	1.000000000000000e+00	19677
998	1.000000000000000e+00	19677
999	1.000000000000000e+00	19677
1000	1.000000000000000e+00	19677


Tempo gasto: 11.924629
