Método usado: C-GRASP

POSIÇÃO	ÁREA(mm²)	CUSTO

1	1.000000000000000e+00	10479
2	1.000000000000000e+00	10479
3	1.000000000000000e+00	10479
4	1.000000000000000e+00	10479
5	1.000000000000000e+00	10479
6	1.000000000000000e+00	10479
7	1.000000000000000e+00	10479
8	1.000000000000000e+00	10479
9	1.000000000000000e+00	10479
10	1.000000000000000e+00	10479
11	1.000000000000000e+00	10479
12	1.000000000000000e+00	10479
13	1.000000000000000e+00	10479
14	1.000000000000000e+00	10479
15	1.000000000000000e+00	10479
16	1.000000000000000e+00	10479
17	1.000000000000000e+00	10479
18	1.000000000000000e+00	10479
19	1.000000000000000e+00	10479
20	1.000000000000000e+00	10479
21	1.000000000000000e+00	10479
22	1.000000000000000e+00	10479
23	1.000000000000000e+00	10479
24	1.000000000000000e+00	10479
25	1.000000000000000e+00	10479
26	1.000000000000000e+00	10479
27	1.000000000000000e+00	10479
28	1.000000000000000e+00	10479
29	1.000000000000000e+00	10479
30	1.000000000000000e+00	10479
31	1.000000000000000e+00	10479
32	1.000000000000000e+00	10479
33	1.000000000000000e+00	10479
34	1.000000000000000e+00	10479
35	1.000000000000000e+00	10479
36	1.000000000000000e+00	10479
37	1.000000000000000e+00	10479
38	1.000000000000000e+00	10479
39	1.000000000000000e+00	10479
40	1.000000000000000e+00	10479
41	1.000000000000000e+00	10479
42	1.000000000000000e+00	10479
43	1.000000000000000e+00	10479
44	1.000000000000000e+00	10479
45	1.000000000000000e+00	10479
46	1.000000000000000e+00	10479
47	1.000000000000000e+00	10479
48	1.000000000000000e+00	10479
49	1.000000000000000e+00	10479
50	1.000000000000000e+00	10479
51	1.000000000000000e+00	10479
52	1.000000000000000e+00	10479
53	1.000000000000000e+00	10479
54	1.000000000000000e+00	10479
55	1.000000000000000e+00	10479
56	1.000000000000000e+00	10479
57	1.000000000000000e+00	10479
58	1.000000000000000e+00	10479
59	1.000000000000000e+00	10479
60	1.000000000000000e+00	10479
61	1.000000000000000e+00	10479
62	1.000000000000000e+00	10479
63	1.000000000000000e+00	10479
64	1.000000000000000e+00	10479
65	1.000000000000000e+00	10479
66	1.000000000000000e+00	10479
67	1.000000000000000e+00	10479
68	1.000000000000000e+00	10479
69	1.000000000000000e+00	10479
70	1.000000000000000e+00	10479
71	1.000000000000000e+00	10479
72	1.000000000000000e+00	10479
73	1.000000000000000e+00	10479
74	1.000000000000000e+00	10479
75	1.000000000000000e+00	10479
76	1.000000000000000e+00	10479
77	1.000000000000000e+00	10479
78	1.000000000000000e+00	10479
79	1.000000000000000e+00	10479
80	1.000000000000000e+00	10479
81	1.000000000000000e+00	10479
82	1.000000000000000e+00	10479
83	1.000000000000000e+00	10479
84	1.000000000000000e+00	10479
85	1.000000000000000e+00	10479
86	1.000000000000000e+00	10479
87	1.000000000000000e+00	10479
88	1.000000000000000e+00	10479
89	1.000000000000000e+00	10479
90	1.000000000000000e+00	10479
91	1.000000000000000e+00	10479
92	1.000000000000000e+00	10479
93	1.000000000000000e+00	10479
94	1.000000000000000e+00	10479
95	1.000000000000000e+00	10479
96	1.000000000000000e+00	10479
97	1.000000000000000e+00	10479
98	1.000000000000000e+00	10479
99	1.000000000000000e+00	10479
100	1.000000000000000e+00	10479
101	1.000000000000000e+00	10479
102	1.000000000000000e+00	10479
103	1.000000000000000e+00	10479
104	1.000000000000000e+00	10479
105	1.000000000000000e+00	10479
106	1.000000000000000e+00	10479
107	1.000000000000000e+00	10479
108	1.000000000000000e+00	10479
109	1.000000000000000e+00	10479
110	1.000000000000000e+00	10479
111	1.000000000000000e+00	10479
112	1.000000000000000e+00	10479
113	1.000000000000000e+00	10479
114	1.000000000000000e+00	10479
115	1.000000000000000e+00	10479
116	1.000000000000000e+00	10479
117	1.000000000000000e+00	10479
118	1.000000000000000e+00	10479
119	1.000000000000000e+00	10479
120	1.000000000000000e+00	10479
121	1.000000000000000e+00	10479
122	1.000000000000000e+00	10479
123	1.000000000000000e+00	10479
124	1.000000000000000e+00	10479
125	1.000000000000000e+00	10479
126	1.000000000000000e+00	10479
127	1.000000000000000e+00	10479
128	1.000000000000000e+00	10479
129	1.000000000000000e+00	10479
130	1.000000000000000e+00	10479
131	1.000000000000000e+00	10479
132	1.000000000000000e+00	10479
133	1.000000000000000e+00	10479
134	1.000000000000000e+00	10479
135	1.000000000000000e+00	10479
136	1.000000000000000e+00	10479
137	1.000000000000000e+00	10479
138	1.000000000000000e+00	10479
139	1.000000000000000e+00	10479
140	1.000000000000000e+00	10479
141	1.000000000000000e+00	10479
142	1.000000000000000e+00	10479
143	1.000000000000000e+00	10479
144	1.000000000000000e+00	10479
145	1.000000000000000e+00	10479
146	1.000000000000000e+00	10479
147	1.000000000000000e+00	10479
148	1.000000000000000e+00	10479
149	1.000000000000000e+00	10479
150	1.000000000000000e+00	10479
151	1.000000000000000e+00	10479
152	1.000000000000000e+00	10479
153	1.000000000000000e+00	10479
154	1.000000000000000e+00	10479
155	1.000000000000000e+00	10479
156	1.000000000000000e+00	10479
157	1.000000000000000e+00	10479
158	1.000000000000000e+00	10479
159	1.000000000000000e+00	10479
160	1.000000000000000e+00	10479
161	1.000000000000000e+00	10479
162	1.000000000000000e+00	10479
163	1.000000000000000e+00	10479
164	1.000000000000000e+00	10479
165	1.000000000000000e+00	10479
166	1.000000000000000e+00	10479
167	1.000000000000000e+00	10479
168	1.000000000000000e+00	10479
169	1.000000000000000e+00	10479
170	1.000000000000000e+00	10479
171	1.000000000000000e+00	10479
172	1.000000000000000e+00	10479
173	1.000000000000000e+00	10479
174	1.000000000000000e+00	10479
175	1.000000000000000e+00	10479
176	1.000000000000000e+00	10479
177	1.000000000000000e+00	10479
178	1.000000000000000e+00	10479
179	1.000000000000000e+00	10479
180	1.000000000000000e+00	10479
181	1.000000000000000e+00	10479
182	1.000000000000000e+00	10479
183	1.000000000000000e+00	10479
184	1.000000000000000e+00	10479
185	1.000000000000000e+00	10479
186	1.000000000000000e+00	10479
187	1.000000000000000e+00	10479
188	1.000000000000000e+00	10479
189	1.000000000000000e+00	10479
190	1.000000000000000e+00	10479
191	1.000000000000000e+00	10479
192	1.000000000000000e+00	10479
193	1.000000000000000e+00	10479
194	1.000000000000000e+00	10479
195	1.000000000000000e+00	10479
196	1.000000000000000e+00	10479
197	1.000000000000000e+00	10479
198	1.000000000000000e+00	10479
199	1.000000000000000e+00	10479
200	1.000000000000000e+00	10479
201	1.000000000000000e+00	10479
202	1.000000000000000e+00	10479
203	1.000000000000000e+00	10479
204	1.000000000000000e+00	10479
205	1.000000000000000e+00	10479
206	1.000000000000000e+00	10479
207	1.000000000000000e+00	10479
208	1.000000000000000e+00	10479
209	1.000000000000000e+00	10479
210	1.000000000000000e+00	10479
211	1.000000000000000e+00	10479
212	1.000000000000000e+00	10479
213	1.000000000000000e+00	10479
214	1.000000000000000e+00	10479
215	1.000000000000000e+00	10479
216	1.000000000000000e+00	10479
217	1.000000000000000e+00	10479
218	1.000000000000000e+00	10479
219	1.000000000000000e+00	10479
220	1.000000000000000e+00	10479
221	1.000000000000000e+00	10479
222	1.000000000000000e+00	10479
223	1.000000000000000e+00	10479
224	1.000000000000000e+00	10479
225	1.000000000000000e+00	10479
226	1.000000000000000e+00	10479
227	1.000000000000000e+00	10479
228	1.000000000000000e+00	10479
229	1.000000000000000e+00	10479
230	1.000000000000000e+00	10479
231	1.000000000000000e+00	10479
232	1.000000000000000e+00	10479
233	1.000000000000000e+00	10479
234	1.000000000000000e+00	10479
235	1.000000000000000e+00	10479
236	1.000000000000000e+00	10479
237	1.000000000000000e+00	10479
238	1.000000000000000e+00	10479
239	1.000000000000000e+00	10479
240	1.000000000000000e+00	10479
241	1.000000000000000e+00	10479
242	1.000000000000000e+00	10479
243	1.000000000000000e+00	10479
244	1.000000000000000e+00	10479
245	1.000000000000000e+00	10479
246	1.000000000000000e+00	10479
247	1.000000000000000e+00	10479
248	1.000000000000000e+00	10479
249	1.000000000000000e+00	10479
250	1.000000000000000e+00	10479
251	1.000000000000000e+00	10479
252	1.000000000000000e+00	10479
253	1.000000000000000e+00	10479
254	1.000000000000000e+00	10479
255	1.000000000000000e+00	10479
256	1.000000000000000e+00	10479
257	1.000000000000000e+00	10479
258	1.000000000000000e+00	10479
259	1.000000000000000e+00	10479
260	1.000000000000000e+00	10479
261	1.000000000000000e+00	10479
262	1.000000000000000e+00	10479
263	1.000000000000000e+00	10479
264	1.000000000000000e+00	10479
265	1.000000000000000e+00	10479
266	1.000000000000000e+00	10479
267	1.000000000000000e+00	10479
268	1.000000000000000e+00	10479
269	1.000000000000000e+00	10479
270	1.000000000000000e+00	10479
271	1.000000000000000e+00	10479
272	1.000000000000000e+00	10479
273	1.000000000000000e+00	10479
274	1.000000000000000e+00	10479
275	1.000000000000000e+00	10479
276	1.000000000000000e+00	10479
277	1.000000000000000e+00	10479
278	1.000000000000000e+00	10479
279	1.000000000000000e+00	10479
280	1.000000000000000e+00	10479
281	1.000000000000000e+00	10479
282	1.000000000000000e+00	10479
283	1.000000000000000e+00	10479
284	1.000000000000000e+00	10479
285	1.000000000000000e+00	10479
286	1.000000000000000e+00	10479
287	1.000000000000000e+00	10479
288	1.000000000000000e+00	10479
289	1.000000000000000e+00	10479
290	1.000000000000000e+00	10479
291	1.000000000000000e+00	10479
292	1.000000000000000e+00	10479
293	1.000000000000000e+00	10479
294	1.000000000000000e+00	10479
295	1.000000000000000e+00	10479
296	1.000000000000000e+00	10479
297	1.000000000000000e+00	10479
298	1.000000000000000e+00	10479
299	1.000000000000000e+00	10479
300	1.000000000000000e+00	10479
301	1.000000000000000e+00	10479
302	1.000000000000000e+00	10479
303	1.000000000000000e+00	10479
304	1.000000000000000e+00	10479
305	1.000000000000000e+00	10479
306	1.000000000000000e+00	10479
307	1.000000000000000e+00	10479
308	1.000000000000000e+00	10479
309	1.000000000000000e+00	10479
310	1.000000000000000e+00	10479
311	1.000000000000000e+00	10479
312	1.000000000000000e+00	10479
313	1.000000000000000e+00	10479
314	1.000000000000000e+00	10479
315	1.000000000000000e+00	10479
316	1.000000000000000e+00	10479
317	1.000000000000000e+00	10479
318	1.000000000000000e+00	10479
319	1.000000000000000e+00	10479
320	1.000000000000000e+00	10479
321	1.000000000000000e+00	10479
322	1.000000000000000e+00	10479
323	1.000000000000000e+00	10479
324	1.000000000000000e+00	10479
325	1.000000000000000e+00	10479
326	1.000000000000000e+00	10479
327	1.000000000000000e+00	10479
328	1.000000000000000e+00	10479
329	1.000000000000000e+00	10479
330	1.000000000000000e+00	10479
331	1.000000000000000e+00	10479
332	1.000000000000000e+00	10479
333	1.000000000000000e+00	10479
334	1.000000000000000e+00	10479
335	1.000000000000000e+00	10479
336	1.000000000000000e+00	10479
337	1.000000000000000e+00	10479
338	1.000000000000000e+00	10479
339	1.000000000000000e+00	10479
340	1.000000000000000e+00	10479
341	1.000000000000000e+00	10479
342	1.000000000000000e+00	10479
343	1.000000000000000e+00	10479
344	1.000000000000000e+00	10479
345	1.000000000000000e+00	10479
346	1.000000000000000e+00	10479
347	1.000000000000000e+00	10479
348	1.000000000000000e+00	10479
349	1.000000000000000e+00	10479
350	1.000000000000000e+00	10479
351	1.000000000000000e+00	10479
352	1.000000000000000e+00	10479
353	1.000000000000000e+00	10479
354	1.000000000000000e+00	10479
355	1.000000000000000e+00	10479
356	1.000000000000000e+00	10479
357	1.000000000000000e+00	10479
358	1.000000000000000e+00	10479
359	1.000000000000000e+00	10479
360	1.000000000000000e+00	10479
361	1.000000000000000e+00	10479
362	1.000000000000000e+00	10479
363	1.000000000000000e+00	10479
364	1.000000000000000e+00	10479
365	1.000000000000000e+00	10479
366	1.000000000000000e+00	10479
367	1.000000000000000e+00	10479
368	1.000000000000000e+00	10479
369	1.000000000000000e+00	10479
370	1.000000000000000e+00	10479
371	1.000000000000000e+00	10479
372	1.000000000000000e+00	10479
373	1.000000000000000e+00	10479
374	1.000000000000000e+00	10479
375	1.000000000000000e+00	10479
376	1.000000000000000e+00	10479
377	1.000000000000000e+00	10479
378	1.000000000000000e+00	10479
379	1.000000000000000e+00	10479
380	1.000000000000000e+00	10479
381	1.000000000000000e+00	10479
382	1.000000000000000e+00	10479
383	1.000000000000000e+00	10479
384	1.000000000000000e+00	10479
385	1.000000000000000e+00	10479
386	1.000000000000000e+00	10479
387	1.000000000000000e+00	10479
388	1.000000000000000e+00	10479
389	1.000000000000000e+00	10479
390	1.000000000000000e+00	10479
391	1.000000000000000e+00	10479
392	1.000000000000000e+00	10479
393	1.000000000000000e+00	10479
394	1.000000000000000e+00	10479
395	1.000000000000000e+00	10479
396	1.000000000000000e+00	10479
397	1.000000000000000e+00	10479
398	1.000000000000000e+00	10479
399	1.000000000000000e+00	10479
400	1.000000000000000e+00	10479
401	1.000000000000000e+00	10479
402	1.000000000000000e+00	10479
403	1.000000000000000e+00	10479
404	1.000000000000000e+00	10479
405	1.000000000000000e+00	10479
406	1.000000000000000e+00	10479
407	1.000000000000000e+00	10479
408	1.000000000000000e+00	10479
409	1.000000000000000e+00	10479
410	1.000000000000000e+00	10479
411	1.000000000000000e+00	10479
412	1.000000000000000e+00	10479
413	1.000000000000000e+00	10479
414	1.000000000000000e+00	10479
415	1.000000000000000e+00	10479
416	1.000000000000000e+00	10479
417	1.000000000000000e+00	10479
418	1.000000000000000e+00	10479
419	1.000000000000000e+00	10479
420	1.000000000000000e+00	10479
421	1.000000000000000e+00	10479
422	1.000000000000000e+00	10479
423	1.000000000000000e+00	10479
424	1.000000000000000e+00	10479
425	1.000000000000000e+00	10479
426	1.000000000000000e+00	10479
427	1.000000000000000e+00	10479
428	1.000000000000000e+00	10479
429	1.000000000000000e+00	10479
430	1.000000000000000e+00	10479
431	1.000000000000000e+00	10479
432	1.000000000000000e+00	10479
433	1.000000000000000e+00	10479
434	1.000000000000000e+00	10479
435	1.000000000000000e+00	10479
436	1.000000000000000e+00	10479
437	1.000000000000000e+00	10479
438	1.000000000000000e+00	10479
439	1.000000000000000e+00	10479
440	1.000000000000000e+00	10479
441	1.000000000000000e+00	10479
442	1.000000000000000e+00	10479
443	1.000000000000000e+00	10479
444	1.000000000000000e+00	10479
445	1.000000000000000e+00	10479
446	1.000000000000000e+00	10479
447	1.000000000000000e+00	10479
448	1.000000000000000e+00	10479
449	1.000000000000000e+00	10479
450	1.000000000000000e+00	10479
451	1.000000000000000e+00	10479
452	1.000000000000000e+00	10479
453	1.000000000000000e+00	10479
454	1.000000000000000e+00	10479
455	1.000000000000000e+00	10479
456	1.000000000000000e+00	10479
457	1.000000000000000e+00	10479
458	1.000000000000000e+00	10479
459	1.000000000000000e+00	10479
460	1.000000000000000e+00	10479
461	1.000000000000000e+00	10479
462	1.000000000000000e+00	10479
463	1.000000000000000e+00	10479
464	1.000000000000000e+00	10479
465	1.000000000000000e+00	10479
466	1.000000000000000e+00	10479
467	1.000000000000000e+00	10479
468	1.000000000000000e+00	10479
469	1.000000000000000e+00	10479
470	1.000000000000000e+00	10479
471	1.000000000000000e+00	10479
472	1.000000000000000e+00	10479
473	1.000000000000000e+00	10479
474	1.000000000000000e+00	10479
475	1.000000000000000e+00	10479
476	1.000000000000000e+00	10479
477	1.000000000000000e+00	10479
478	1.000000000000000e+00	10479
479	1.000000000000000e+00	10479
480	1.000000000000000e+00	10479
481	1.000000000000000e+00	10479
482	1.000000000000000e+00	10479
483	1.000000000000000e+00	10479
484	1.000000000000000e+00	10479
485	1.000000000000000e+00	10479
486	1.000000000000000e+00	10479
487	1.000000000000000e+00	10479
488	1.000000000000000e+00	10479
489	1.000000000000000e+00	10479
490	1.000000000000000e+00	10479
491	9.500000000000003e-01	9980
492	9.000000000000002e-01	9481
493	8.490000000000002e-01	12974
494	8.000000000000002e-01	8483
495	7.500000000000001e-01	7984
496	7.000000000000001e-01	7485
497	6.500000000000000e-01	6986
498	6.000000000000000e-01	6487
499	5.499999999999999e-01	5988
500	4.999999999999999e-01	5489
501	5.499999999999999e-01	5988
502	6.000000000000000e-01	6487
503	6.500000000000000e-01	6986
504	7.000000000000001e-01	7485
505	7.500000000000001e-01	7984
506	8.000000000000002e-01	8483
507	8.500000000000002e-01	8982
508	9.000000000000002e-01	9481
509	9.500000000000003e-01	9980
510	9.000000000000002e-01	9481
511	8.500000000000002e-01	8982
512	8.000000000000002e-01	8483
513	7.500000000000001e-01	7984
514	8.000000000000002e-01	8483
515	8.500000000000002e-01	8982
516	9.000000000000002e-01	9481
517	9.500000000000003e-01	9980
518	1.000000000000000e+00	10479
519	1.000000000000000e+00	10479
520	1.000000000000000e+00	10479
521	1.000000000000000e+00	10479
522	1.000000000000000e+00	10479
523	1.000000000000000e+00	10479
524	1.000000000000000e+00	10479
525	1.000000000000000e+00	10479
526	1.000000000000000e+00	10479
527	1.000000000000000e+00	10479
528	1.000000000000000e+00	10479
529	1.000000000000000e+00	10479
530	1.000000000000000e+00	10479
531	1.000000000000000e+00	10479
532	1.000000000000000e+00	10479
533	1.000000000000000e+00	10479
534	1.000000000000000e+00	10479
535	1.000000000000000e+00	10479
536	1.000000000000000e+00	10479
537	1.000000000000000e+00	10479
538	1.000000000000000e+00	10479
539	1.000000000000000e+00	10479
540	1.000000000000000e+00	10479
541	1.000000000000000e+00	10479
542	1.000000000000000e+00	10479
543	1.000000000000000e+00	10479
544	1.000000000000000e+00	10479
545	1.000000000000000e+00	10479
546	1.000000000000000e+00	10479
547	1.000000000000000e+00	10479
548	1.000000000000000e+00	10479
549	1.000000000000000e+00	10479
550	1.000000000000000e+00	10479
551	1.000000000000000e+00	10479
552	1.000000000000000e+00	10479
553	1.000000000000000e+00	10479
554	1.000000000000000e+00	10479
555	1.000000000000000e+00	10479
556	1.000000000000000e+00	10479
557	1.000000000000000e+00	10479
558	1.000000000000000e+00	10479
559	1.000000000000000e+00	10479
560	1.000000000000000e+00	10479
561	1.000000000000000e+00	10479
562	1.000000000000000e+00	10479
563	1.000000000000000e+00	10479
564	1.000000000000000e+00	10479
565	1.000000000000000e+00	10479
566	1.000000000000000e+00	10479
567	1.000000000000000e+00	10479
568	1.000000000000000e+00	10479
569	1.000000000000000e+00	10479
570	1.000000000000000e+00	10479
571	1.000000000000000e+00	10479
572	1.000000000000000e+00	10479
573	1.000000000000000e+00	10479
574	1.000000000000000e+00	10479
575	1.000000000000000e+00	10479
576	1.000000000000000e+00	10479
577	1.000000000000000e+00	10479
578	1.000000000000000e+00	10479
579	1.000000000000000e+00	10479
580	1.000000000000000e+00	10479
581	1.000000000000000e+00	10479
582	1.000000000000000e+00	10479
583	1.000000000000000e+00	10479
584	1.000000000000000e+00	10479
585	1.000000000000000e+00	10479
586	1.000000000000000e+00	10479
587	1.000000000000000e+00	10479
588	1.000000000000000e+00	10479
589	1.000000000000000e+00	10479
590	1.000000000000000e+00	10479
591	1.000000000000000e+00	10479
592	1.000000000000000e+00	10479
593	1.000000000000000e+00	10479
594	1.000000000000000e+00	10479
595	1.000000000000000e+00	10479
596	1.000000000000000e+00	10479
597	1.000000000000000e+00	10479
598	1.000000000000000e+00	10479
599	1.000000000000000e+00	10479
600	1.000000000000000e+00	10479
601	1.000000000000000e+00	10479
602	1.000000000000000e+00	10479
603	1.000000000000000e+00	10479
604	1.000000000000000e+00	10479
605	1.000000000000000e+00	10479
606	1.000000000000000e+00	10479
607	1.000000000000000e+00	10479
608	1.000000000000000e+00	10479
609	1.000000000000000e+00	10479
610	1.000000000000000e+00	10479
611	1.000000000000000e+00	10479
612	1.000000000000000e+00	10479
613	1.000000000000000e+00	10479
614	1.000000000000000e+00	10479
615	1.000000000000000e+00	10479
616	1.000000000000000e+00	10479
617	1.000000000000000e+00	10479
618	1.000000000000000e+00	10479
619	1.000000000000000e+00	10479
620	1.000000000000000e+00	10479
621	1.000000000000000e+00	10479
622	1.000000000000000e+00	10479
623	1.000000000000000e+00	10479
624	1.000000000000000e+00	10479
625	1.000000000000000e+00	10479
626	1.000000000000000e+00	10479
627	1.000000000000000e+00	10479
628	1.000000000000000e+00	10479
629	1.000000000000000e+00	10479
630	1.000000000000000e+00	10479
631	1.000000000000000e+00	10479
632	1.000000000000000e+00	10479
633	1.000000000000000e+00	10479
634	1.000000000000000e+00	10479
635	1.000000000000000e+00	10479
636	1.000000000000000e+00	10479
637	1.000000000000000e+00	10479
638	1.000000000000000e+00	10479
639	1.000000000000000e+00	10479
640	1.000000000000000e+00	10479
641	1.000000000000000e+00	10479
642	1.000000000000000e+00	10479
643	1.000000000000000e+00	10479
644	1.000000000000000e+00	10479
645	1.000000000000000e+00	10479
646	1.000000000000000e+00	10479
647	1.000000000000000e+00	10479
648	1.000000000000000e+00	10479
649	1.000000000000000e+00	10479
650	1.000000000000000e+00	10479
651	1.000000000000000e+00	10479
652	1.000000000000000e+00	10479
653	1.000000000000000e+00	10479
654	1.000000000000000e+00	10479
655	1.000000000000000e+00	10479
656	1.000000000000000e+00	10479
657	1.000000000000000e+00	10479
658	1.000000000000000e+00	10479
659	1.000000000000000e+00	10479
660	1.000000000000000e+00	10479
661	1.000000000000000e+00	10479
662	1.000000000000000e+00	10479
663	1.000000000000000e+00	10479
664	1.000000000000000e+00	10479
665	1.000000000000000e+00	10479
666	1.000000000000000e+00	10479
667	1.000000000000000e+00	10479
668	1.000000000000000e+00	10479
669	1.000000000000000e+00	10479
670	1.000000000000000e+00	10479
671	1.000000000000000e+00	10479
672	1.000000000000000e+00	10479
673	1.000000000000000e+00	10479
674	1.000000000000000e+00	10479
675	1.000000000000000e+00	10479
676	1.000000000000000e+00	10479
677	1.000000000000000e+00	10479
678	1.000000000000000e+00	10479
679	1.000000000000000e+00	10479
680	1.000000000000000e+00	10479
681	1.000000000000000e+00	10479
682	1.000000000000000e+00	10479
683	1.000000000000000e+00	10479
684	1.000000000000000e+00	10479
685	1.000000000000000e+00	10479
686	1.000000000000000e+00	10479
687	1.000000000000000e+00	10479
688	1.000000000000000e+00	10479
689	1.000000000000000e+00	10479
690	1.000000000000000e+00	10479
691	1.000000000000000e+00	10479
692	1.000000000000000e+00	10479
693	1.000000000000000e+00	10479
694	1.000000000000000e+00	10479
695	1.000000000000000e+00	10479
696	1.000000000000000e+00	10479
697	1.000000000000000e+00	10479
698	1.000000000000000e+00	10479
699	1.000000000000000e+00	10479
700	1.000000000000000e+00	10479
701	1.000000000000000e+00	10479
702	1.000000000000000e+00	10479
703	1.000000000000000e+00	10479
704	1.000000000000000e+00	10479
705	1.000000000000000e+00	10479
706	1.000000000000000e+00	10479
707	1.000000000000000e+00	10479
708	1.000000000000000e+00	10479
709	1.000000000000000e+00	10479
710	1.000000000000000e+00	10479
711	1.000000000000000e+00	10479
712	1.000000000000000e+00	10479
713	1.000000000000000e+00	10479
714	1.000000000000000e+00	10479
715	1.000000000000000e+00	10479
716	1.000000000000000e+00	10479
717	1.000000000000000e+00	10479
718	1.000000000000000e+00	10479
719	1.000000000000000e+00	10479
720	1.000000000000000e+00	10479
721	1.000000000000000e+00	10479
722	1.000000000000000e+00	10479
723	1.000000000000000e+00	10479
724	1.000000000000000e+00	10479
725	1.000000000000000e+00	10479
726	1.000000000000000e+00	10479
727	1.000000000000000e+00	10479
728	1.000000000000000e+00	10479
729	1.000000000000000e+00	10479
730	1.000000000000000e+00	10479
731	1.000000000000000e+00	10479
732	1.000000000000000e+00	10479
733	1.000000000000000e+00	10479
734	1.000000000000000e+00	10479
735	1.000000000000000e+00	10479
736	1.000000000000000e+00	10479
737	1.000000000000000e+00	10479
738	1.000000000000000e+00	10479
739	1.000000000000000e+00	10479
740	1.000000000000000e+00	10479
741	1.000000000000000e+00	10479
742	1.000000000000000e+00	10479
743	1.000000000000000e+00	10479
744	1.000000000000000e+00	10479
745	1.000000000000000e+00	10479
746	1.000000000000000e+00	10479
747	1.000000000000000e+00	10479
748	1.000000000000000e+00	10479
749	1.000000000000000e+00	10479
750	1.000000000000000e+00	10479
751	1.000000000000000e+00	10479
752	1.000000000000000e+00	10479
753	1.000000000000000e+00	10479
754	1.000000000000000e+00	10479
755	1.000000000000000e+00	10479
756	1.000000000000000e+00	10479
757	1.000000000000000e+00	10479
758	1.000000000000000e+00	10479
759	1.000000000000000e+00	10479
760	1.000000000000000e+00	10479
761	1.000000000000000e+00	10479
762	1.000000000000000e+00	10479
763	1.000000000000000e+00	10479
764	1.000000000000000e+00	10479
765	1.000000000000000e+00	10479
766	1.000000000000000e+00	10479
767	1.000000000000000e+00	10479
768	1.000000000000000e+00	10479
769	1.000000000000000e+00	10479
770	1.000000000000000e+00	10479
771	1.000000000000000e+00	10479
772	1.000000000000000e+00	10479
773	1.000000000000000e+00	10479
774	1.000000000000000e+00	10479
775	1.000000000000000e+00	10479
776	1.000000000000000e+00	10479
777	1.000000000000000e+00	10479
778	1.000000000000000e+00	10479
779	1.000000000000000e+00	10479
780	1.000000000000000e+00	10479
781	1.000000000000000e+00	10479
782	1.000000000000000e+00	10479
783	1.000000000000000e+00	10479
784	1.000000000000000e+00	10479
785	1.000000000000000e+00	10479
786	1.000000000000000e+00	10479
787	1.000000000000000e+00	10479
788	1.000000000000000e+00	10479
789	1.000000000000000e+00	10479
790	1.000000000000000e+00	10479
791	1.000000000000000e+00	10479
792	1.000000000000000e+00	10479
793	1.000000000000000e+00	10479
794	1.000000000000000e+00	10479
795	1.000000000000000e+00	10479
796	1.000000000000000e+00	10479
797	1.000000000000000e+00	10479
798	1.000000000000000e+00	10479
799	1.000000000000000e+00	10479
800	1.000000000000000e+00	10479
801	1.000000000000000e+00	10479
802	1.000000000000000e+00	10479
803	1.000000000000000e+00	10479
804	1.000000000000000e+00	10479
805	1.000000000000000e+00	10479
806	1.000000000000000e+00	10479
807	1.000000000000000e+00	10479
808	1.000000000000000e+00	10479
809	1.000000000000000e+00	10479
810	1.000000000000000e+00	10479
811	1.000000000000000e+00	10479
812	1.000000000000000e+00	10479
813	1.000000000000000e+00	10479
814	1.000000000000000e+00	10479
815	1.000000000000000e+00	10479
816	1.000000000000000e+00	10479
817	1.000000000000000e+00	10479
818	1.000000000000000e+00	10479
819	1.000000000000000e+00	10479
820	1.000000000000000e+00	10479
821	1.000000000000000e+00	10479
822	1.000000000000000e+00	10479
823	1.000000000000000e+00	10479
824	1.000000000000000e+00	10479
825	1.000000000000000e+00	10479
826	1.000000000000000e+00	10479
827	1.000000000000000e+00	10479
828	1.000000000000000e+00	10479
829	1.000000000000000e+00	10479
830	1.000000000000000e+00	10479
831	1.000000000000000e+00	10479
832	1.000000000000000e+00	10479
833	1.000000000000000e+00	10479
834	1.000000000000000e+00	10479
835	1.000000000000000e+00	10479
836	1.000000000000000e+00	10479
837	1.000000000000000e+00	10479
838	1.000000000000000e+00	10479
839	1.000000000000000e+00	10479
840	1.000000000000000e+00	10479
841	1.000000000000000e+00	10479
842	1.000000000000000e+00	10479
843	1.000000000000000e+00	10479
844	1.000000000000000e+00	10479
845	1.000000000000000e+00	10479
846	1.000000000000000e+00	10479
847	1.000000000000000e+00	10479
848	1.000000000000000e+00	10479
849	1.000000000000000e+00	10479
850	1.000000000000000e+00	10479
851	1.000000000000000e+00	10479
852	1.000000000000000e+00	10479
853	1.000000000000000e+00	10479
854	1.000000000000000e+00	10479
855	1.000000000000000e+00	10479
856	1.000000000000000e+00	10479
857	1.000000000000000e+00	10479
858	1.000000000000000e+00	10479
859	1.000000000000000e+00	10479
860	1.000000000000000e+00	10479
861	1.000000000000000e+00	10479
862	1.000000000000000e+00	10479
863	1.000000000000000e+00	10479
864	1.000000000000000e+00	10479
865	1.000000000000000e+00	10479
866	1.000000000000000e+00	10479
867	1.000000000000000e+00	10479
868	1.000000000000000e+00	10479
869	1.000000000000000e+00	10479
870	1.000000000000000e+00	10479
871	1.000000000000000e+00	10479
872	1.000000000000000e+00	10479
873	1.000000000000000e+00	10479
874	1.000000000000000e+00	10479
875	1.000000000000000e+00	10479
876	1.000000000000000e+00	10479
877	1.000000000000000e+00	10479
878	1.000000000000000e+00	10479
879	1.000000000000000e+00	10479
880	1.000000000000000e+00	10479
881	1.000000000000000e+00	10479
882	1.000000000000000e+00	10479
883	1.000000000000000e+00	10479
884	1.000000000000000e+00	10479
885	1.000000000000000e+00	10479
886	1.000000000000000e+00	10479
887	1.000000000000000e+00	10479
888	1.000000000000000e+00	10479
889	1.000000000000000e+00	10479
890	1.000000000000000e+00	10479
891	1.000000000000000e+00	10479
892	1.000000000000000e+00	10479
893	1.000000000000000e+00	10479
894	1.000000000000000e+00	10479
895	1.000000000000000e+00	10479
896	1.000000000000000e+00	10479
897	1.000000000000000e+00	10479
898	1.000000000000000e+00	10479
899	1.000000000000000e+00	10479
900	1.000000000000000e+00	10479
901	1.000000000000000e+00	10479
902	1.000000000000000e+00	10479
903	1.000000000000000e+00	10479
904	1.000000000000000e+00	10479
905	1.000000000000000e+00	10479
906	1.000000000000000e+00	10479
907	1.000000000000000e+00	10479
908	1.000000000000000e+00	10479
909	1.000000000000000e+00	10479
910	1.000000000000000e+00	10479
911	1.000000000000000e+00	10479
912	1.000000000000000e+00	10479
913	1.000000000000000e+00	10479
914	1.000000000000000e+00	10479
915	1.000000000000000e+00	10479
916	1.000000000000000e+00	10479
917	1.000000000000000e+00	10479
918	1.000000000000000e+00	10479
919	1.000000000000000e+00	10479
920	1.000000000000000e+00	10479
921	1.000000000000000e+00	10479
922	1.000000000000000e+00	10479
923	1.000000000000000e+00	10479
924	1.000000000000000e+00	10479
925	1.000000000000000e+00	10479
926	1.000000000000000e+00	10479
927	1.000000000000000e+00	10479
928	1.000000000000000e+00	10479
929	1.000000000000000e+00	10479
930	1.000000000000000e+00	10479
931	1.000000000000000e+00	10479
932	1.000000000000000e+00	10479
933	1.000000000000000e+00	10479
934	1.000000000000000e+00	10479
935	1.000000000000000e+00	10479
936	1.000000000000000e+00	10479
937	1.000000000000000e+00	10479
938	1.000000000000000e+00	10479
939	1.000000000000000e+00	10479
940	1.000000000000000e+00	10479
941	1.000000000000000e+00	10479
942	1.000000000000000e+00	10479
943	1.000000000000000e+00	10479
944	1.000000000000000e+00	10479
945	1.000000000000000e+00	10479
946	1.000000000000000e+00	10479
947	1.000000000000000e+00	10479
948	1.000000000000000e+00	10479
949	1.000000000000000e+00	10479
950	1.000000000000000e+00	10479
951	1.000000000000000e+00	10479
952	1.000000000000000e+00	10479
953	1.000000000000000e+00	10479
954	1.000000000000000e+00	10479
955	1.000000000000000e+00	10479
956	1.000000000000000e+00	10479
957	1.000000000000000e+00	10479
958	1.000000000000000e+00	10479
959	1.000000000000000e+00	10479
960	1.000000000000000e+00	10479
961	1.000000000000000e+00	10479
962	1.000000000000000e+00	10479
963	1.000000000000000e+00	10479
964	1.000000000000000e+00	10479
965	1.000000000000000e+00	10479
966	1.000000000000000e+00	10479
967	1.000000000000000e+00	10479
968	1.000000000000000e+00	10479
969	1.000000000000000e+00	10479
970	1.000000000000000e+00	10479
971	1.000000000000000e+00	10479
972	1.000000000000000e+00	10479
973	1.000000000000000e+00	10479
974	1.000000000000000e+00	10479
975	1.000000000000000e+00	10479
976	1.000000000000000e+00	10479
977	1.000000000000000e+00	10479
978	1.000000000000000e+00	10479
979	1.000000000000000e+00	10479
980	1.000000000000000e+00	10479
981	1.000000000000000e+00	10479
982	1.000000000000000e+00	10479
983	1.000000000000000e+00	10479
984	1.000000000000000e+00	10479
985	1.000000000000000e+00	10479
986	1.000000000000000e+00	10479
987	1.000000000000000e+00	10479
988	1.000000000000000e+00	10479
989	1.000000000000000e+00	10479
990	1.000000000000000e+00	10479
991	1.000000000000000e+00	10479
992	1.000000000000000e+00	10479
993	1.000000000000000e+00	10479
994	1.000000000000000e+00	10479
995	1.000000000000000e+00	10479
996	1.000000000000000e+00	10479
997	1.000000000000000e+00	10479
998	1.000000000000000e+00	10479
999	1.000000000000000e+00	10479
1000	1.000000000000000e+00	10479


Tempo gasto: 10.575549
